1045
8331
3780
8577
7660
8000
1850
5014
6703
2792
4160
9335
4875
1068
9653
8792
1998
9845
1682
6164
1480
9871
4083
5007
9904
4424
3487
3885
2887
9291
5006
9914
9808
9800
2859
2649
4672
4107
3583
8077
3003
7917
8737
2153
4760
8392
2568
5875
7895
8982
3702
3899
5791
8047
6135
9803
4846
9636
8977
1802
1791
9669
5232
9929
3280
5206
9070
8294
8252
9828
8001
4899
9064
2677
1563
6638
9506
9473
6006
6321
5699
5888
3226
1462
8753
9294
2074
4465
9771
1786
2392
7859
5854
2778
8456
9192
3415
6450
4335
1875
2629
4024
8396
5928
8303
2519
3143
1705
6887
7006
5542
9112
2390
7880
4028
5633
7833
1072
9664
8078
1222
6954
7154
4580
7878
3894
6511
4763
9475
7058
3371
2193
5000
7629
3408
6644
7470
6060
1650
8733
7726
2712
5962
6624
4804
1601
4056
6878
9621
1652
8910
5015
5460
3575
7434
8704
9377
2962
7674
3075
3491
9285
9132
1061
6767
5607
6061
3320
8630
5358
3996
4064
4017
6359
4633
3494
8407
4449
8261
3569
5841
3670
8630
8662
3798
7866
3076
2702
4025
5106
4851
4793
7441
9814
8360
5654
1619
5317
7434
4029
4233
7092
1845
6282
6254
2311
4336
5641
1147
5028
5614
1025
1763
9761
7499
4667
8002
3674
8105
7206
3161
3465
6545
5720
3490
4045
7476
7821
2971
7438
6651
2203
4770
8462
2739
7870
5528
1553
6647
4726
2114
9121
4208
2670
3420
2335
4278
4924
7072
4539
8186
8867
3744
2901
2472
4501
3771
5532
6196
3566
1352
5035
9426
7256
6476
7818
4130
3708
3935
6765
3339
9940
6856
4641
3049
3303
7606
9939
3031
7802
3039
2404
2670
6814
5385
3019
8988
2037
7288
9562
3301
5090
1877
9033
9492
5463
9863
8947
8489
4113
7553
4804
4313
9526
5458
9527
6730
1583
6018
9802
5999
4107
4242
3428
8047
5057
5861
1359
6574
3739
4186
1539
3440
4534
3336
1316
4819
1855
7417
6553
6701
5557
1923
1965
3092
2912
3647
1079
8035
8329
2011
5082
2897
6802
9484
9385
7294
9766
8053
1231
5584
7772
5080
8933
5948
8943
3647
9256
2062
9320
7932
2790
8308
8873
6689
2912
2409
3852
4168
3329
4653
9730
1898
4253
3680
7273
4783
7308
5766
4922
1024
4694
3558
5695
5009
5089
1717
2925
3706
6843
5451
4269
8723
7478
8688
4144
5687
8744
5083
7692
3038
6277
9356
4462
5712
1441
1493
2799
5261
9824
7716
1571
9758
9377
7462
1034
7605
9038
1298
1316
7345
5549
3879
1577
7041
8048
8360
1790
1305
5731
8980
2700
1624
7645
8664
2659
6498
6502
6264
5111
5615
9560
5265
1426
4337
4967
6573
6016
4916
3003
3918
1258
4710
6694
3286
7234
1096
3908
2211
7995
1479
8818
4363
2193
1669
1954
3957
6511
2717
6211
5212
1414
3139
4271
2176
8862
6282
4740
4808
3582
7670
8178
6162
1896
4071
2302
4787
6786
2285
9978
3510
8890
6706
8189
1134
1924
3282
9130
5368
2143
2218
7687
7829
3183
3877
7291
7419
8985
5426
9622
6538
1304
9187
3884
4047
2560
6146
7119
1369
6184
7280
8804
3390
3579
7496
8540
1529
9352
8240
2960
7467
1121
9113
3710
3960
4641
1424
7185
7475
8944
9636
2104
1702
1789
9239
2641
1454
7124
6199
6484
6646
1208
1170
1449
8155
9719
3932
3808
2681
6652
6433
9000
3501
2962
8106
4536
4434
9159
5902
4037
7025
9162
4962
5463
4431
1454
5322
5315
6643
7835
7234
8980
7316
6628
5604
1777
6974
5058
8214
8885
4057
8249
9775
3372
4308
6609
9914
5728
8127
3684
2352
3690
6006
9557
8074
6543
1213
1820
1181
5836
2403
8781
8685
6262
9518
5062
4827
9636
3379
8965
6653
4650
4890
4067
1255
4693
9036
2181
1100
7977
9135
5965
4579
4056
1263
7194
3896
1596
3272
8394
4601
5929
5560
4260
3425
6899
1396
8227
4031
9433
7822
9994
7379
7680
1142
5064
7436
8126
5140
1732
1683
3357
8686
2320
8164
1728
7814
5406
4630
6567
7874
9884
6489
1690
4653
1969
9128
4804
6303
5518
1106
4235
8247
8724
9793
8274
1846
9420
6093
7211
6522
7907
8130
5627
4165
8383
5372
9140
9604
2385
1914
6734
9661
2461
5027
9085
1347
3302
7234
4430
1181
9183
2844
4670
2160
5261
2639
6109
2375
6085
3610
5064
1156
2369
8024
6386
3920
6316
9555
1204
4433
8825
2779
4477
2295
5894
7732
9872
2157
4940
4959
5463
7917
6738
9489
2959
3658
4463
8176
2896
7603
8724
3503
5901
8096
9673
3091
3253
7655
6684
6934
6327
2451
5430
1190
7976
1501
9600
2879
4514
6462
2102
2233
6838
2174
4494
1207
5235
8155
2763
6776
7312
2329
4968
1865
4305
8692
8107
3647
6845
7248
2037
4343
4161
3626
8565
9068
9450
3519
2317
5320
9226
5329
6416
8462
2755
8713
6937
4703
5169
2415
1548
7061
4752
1946
8316
8748
2404
5192
8299
8079
1258
6487
2475
3242
2540
4316
3496
5403
2117
2327
6987
5740
9809
7772
6275
2704
1817
6358
1459
4251
3608
5633
8023
1636
1760
9983
4883
1752
4825
2298
2900
9663
1818
6080
4381
4435
1838
8220
9935
9777
7835
7667
5255
1550
4448
2133
9928
7556
3842
6940
7103
3908
5523
3231
7523
4505
9055
3518
1699
4776
5389
5241
9137
9369
8642
1798
6732
7289
5363
7925
6607
1431
8825
9324
7599
3887
3471
5117
4318
7316
6040
7548
8956
3863
3434
6938
6906
9112
5004
9413
2201
4118
3008
1868
6823
7704
9584
2218
3437
8562
5955
7400
3371
3511
7650
6862
9852
6835
2495
6342
8607
8454
7822
3642
5702
2581
2651
2209
6610
4227
2556
1417
6221
4439
7485
7573
2374
2806
2713
6552
9990
9169
9413
6243
2627
9216
6421
4840
5290
4754
7861
6209
3871
1453
2400
6942
5339
5444
3206
7131
9935
2705
1518
7385
8771
2746
9132
6549
7221
3544
4455
3210
8292
3038
8706
7135
2704
1215
8600
7810
8863
5181
4455
5668
6709
6226
3922
5317
6840
4755
5242
1675
4395
2431
7533
1105
9687
7426
7238
5853
8466
9841
8824
2731
2764
6089
9864
2661
5253
2758
4957
4047
9302
2426
4146
5432
8970
5658
1665
8648
7995
4172
3687
2850
9964
8135
2168
5409
6375
3184
1378
1345
6336
8629
7023
6079
4677
4897
2964
6635
4162
6543
8111
3429
6656
7841
8150
1917
6499
7725
1851
5911
7713
4890
2127
4935
2569
4823
7081
3040
1118
5865
6744
4419
6777
1605
3656
1773
5231
2698
8886
3676
6057
9522
2279
9918
5192
6746
5918
3199
7242
1946
6776
8243
1842
6917
2802
7909
1125
9733
1154
6436
1214
4289
2595
9781
3350
3480
7888
4167
4684
6456
4864
6835
5575
3075
9478
4911
1122
1559
1237
3984
1940
2287
4509
8121
6121
2434
9567
8114
8272
8435
8749
5352
4193
8451
8607
5127
4876
6504
5968
6619
8063
8892
8464
4561
5342
6014
1822
3860
5271
9702
9746
6673
3246
8924
1371
5624
1336
3833
3967
5214
4137
7632
8431
5776
3797
6377
8223
6107
2278
7539
3998
2044
9286
5911
7970
1404
9637
5464
3849
1615
6126
1629
5665
6049
6566
5406
1701
1130
9017
6811
3021
8576
4840
8791
5996
6575
7094
5014
5426
4298
7837
4184
6946
9034
3553
8520
4777
6123
9947
7391
6468
5888
8446
5311
2224
3973
5454
3210
7023
9186
8041
4011
1732
3161
9542
8241
2992
8291
5615
1665
1474
8256
7329
3371
1827
3337
8323
8806
6973
9605
6412
9895
7168
2376
7482
7828
8927
5144
7649
1544
2534
8273
3951
6831
4538
3785
6336
6352
8960
7402
1795
7767
4824
3762
3932
9152
8412
7011
3426
2925
6297
2499
8728
2438
6380
8708
3869
3797
7019
3084
1420
2500
5707
5446
4896
8822
5616
4042
5367
9818
4418
6933
2555
8215
3155
3995
1729
4702
6960
2263
6445
9756
1517
1634
5584
9834
7482
6559
5399
1196
7300
9361
9312
1246
9456
9914
9402
6676
4754
5270
9146
7123
1554
8047
9036
7023
3568
2841
4940
5817
2689
7845
6462
6042
6343
8247
2949
8552
8562
8724
5298
5374
2850
5074
6677
9326
1585
4089
9851
9820
3891
7083
3666
8325
9971
3097
7519
8405
9494
3910
1489
4809
7771
5622
2733
1623
3634
2427
7825
2930
3377
3274
6131
2015
7338
6533
1963
9569
5001
7928
7738
8802
9137
7762
6887
6112
2085
1207
6362
4251
9404
4710
9932
5966
2984
6286
5358
1193
3153
2544
6741
7164
8701
1253
8975
9088
1506
5766
7220
3929
8768
5109
6613
9480
4816
9566
8579
1608
7622
8972
1689
7446
9097
5259
6770
4796
6372
6480
1610
9966
8618
3957
8027
7865
1242
3131
7127
9485
7571
1452
7999
7713
3893
5531
7869
2327
8673
8761
8579
9710
8091
9060
7064
6394
9638
1596
7164
7689
5011
7017
3865
1766
4313
6009
3814
7141
5388
8451
1775
1731
1213
6078
5377
7073
2729
4970
4020
9576
5790
4354
7190
9800
9943
7803
7761
1705
4935
6492
4904
8220
5711
7793
1690
6261
8389
5258
3160
5929
7272
7940
9833
4068
6185
4837
8429
7198
2047
7538
7953
5916
9567
2600
7918
9112
6473
2033
7350
9259
3161
8630
7097
4198
1061
9923
4230
1947
5910
5721
4518
5081
6437
3848
6575
1871
9303
3492
9570
3258
2771
7716
1983
7086
3966
4677
4472
1122
8863
6295
8749
9999
5472
4962
3555
2040
1751
3855
4607
3614
8098
7980
8801
8683
8463
8382
6226
7174
2133
7823
8160
3149
9226
6437
8192
7787
3116
8055
2938
8925
8034
2520
8455
7886
6572
1171
3024
2620
3773
6773
9180
3394
7232
9534
3536
2360
6749
3835
8114
6393
7701
2269
4120
8694
5630
7916
9513
2617
6608
4371
3249
8286
8434
7534
9132
9288
5279
9997
7568
4635
9306
4141
6006
7483
8972
4308
4376
4601
1110
4625
5791
5674
7093
6097
6114
2369
9768
9466
1453
3039
3721
4791
7403
6437
2149
8226
9039
7431
8746
5140
4138
4072
1621
3261
8030
8831
2116
8347
1288
2686
8515
1734
6331
6480
3202
7457
8699
2135
8356
7833
7829
4094
5539
8583
6847
2886
4534
4643
9056
4780
5310
6837
5194
4052
7682
2878
7899
4990
7871
8121
3398
3995
6583
6161
4027
4596
7221
2581
8671
5652
2359
6976
3666
9370
2490
3031
7830
6523
1582
2415
9898
3408
5563
2087
8089
1076
6996
6550
6191
5055
6130
1316
9188
3763
4021
8877
4713
1204
6941
2010
4394
4356
4895
8285
8569
3327
6033
8414
9838
7010
1921
8205
8783
9705
6769
9509
1064
3556
1546
5052
7380
7114
5038
6503
1555
7458
2640
3838
6635
6356
6391
5525
9379
2285
7246
4444
2715
3522
3661
2957
5604
7656
4104
7750
1835
5191
8031
6615
6492
1060
3972
4887
9038
8881
7670
2671
8895
5687
5643
9247
5677
4987
9420
7213
9986
9565
9402
9203
8343
7293
7577
3381
1068
4655
4607
4182
4152
9939
7286
7801
5467
2841
3124
3498
4800
7791
2715
3566
5515
4049
1746
1587
5588
4558
3294
2950
3957
8598
3330
2452
7610
2460
3582
3054
1907
6930
1419
3320
5682
5941
1908
9410
4218
4489
2688
5741
3741
5207
6095
4163
4608
1619
9053
1288
6722
1003
5385
7232
7561
5557
3490
2898
4295
2922
8474
9100
5756
3170
2422
2030
6846
8628
1443
4750
3294
6766
4136
7327
4503
1303
6245
7584
6719
3576
9719
8306
7756
2751
6641
3469
2012
2445
2903
3990
6133
6171
7842
5301
3498
6775
8472
3595
7619
5217
2487
3145
4886
6114
5452
9189
6387
1525
4223
9046
3474
5793
5876
7513
4891
5760
3072
1173
5512
5242
8409
9375
9980
9137
1321
7090
6495
2841
8312
2178
3683
7419
1690
4427
4863
5886
9165
1793
2142
9201
7431
6454
2427
3293
1038
1248
6355
4663
7743
1594
8472
2699
1766
5942
9209
5132
6458
8512
8211
1996
5729
6540
8274
9156
2766
8750
7238
3781
9757
1051
8289
5419
6282
4259
4846
1637
3356
9491
8238
6715
3495
3471
2716
2988
8100
3150
4395
4352
5125
4963
4056
3299
9991
7645
6058
4576
9293
3024
3789
6358
4804
6696
2846
1210
6763
5646
3293
6418
4820
7988
6996
8305
5154
2504
9877
5499
8726
5996
6404
6175
5310
1339
7876
4166
2149
9207
6263
9160
9804
7254
6212
1856
7059
6576
8991
7279
9797
1923
7163
7522
6420
3096
1219
5783
6737
2877
8058
3833
2611
9779
8875
9256
2842
9881
7612
7422
4975
8650
6915
5532
8867
8459
7333
6763
6033
9194
1100
9913
3433
8475
9134
4326
3733
6271
2481
2386
3031
8538
9902
7581
1023
7108
7386
7266
2713
8675
2349
6749
5402
9316
4843
1441
5749
2722
3984
2681
6308
5513
9017
3015
2331
3400
4837
2469
6984
2056
9534
9864
6056
8423
6980
1688
6945
3097
8041
1956
7074
6891
5423
7434
7408
1442
9731
6430
1018
8572
9253
7462
8962
2335
2821
3670
2226
3650
6556
5764
8925
7434
4605
6973
9079
5955
8676
1650
1935
8896
4957
7185
8179
1789
6376
9432
8831
6364
8315
7160
8283
7011
2639
4830
6233
5220
3838
9743
1247
8833
6986
9511
7738
5732
5518
7238
9216
4804
8898
6236
1741
4852
5224
7455
1832
9509
1153
8044
8179
8382
9241
3162
3302
1008
3044
4489
5192
7573
9998
1368
3452
8434
5167
1447
7799
3875
5142
3742
4732
6641
2706
5458
7708
7428
8385
4027
3910
9735
4869
9780
4268
7975
9397
1517
5763
7031
3484
2380
3271
5946
4481
3337
9115
7656
5953
5104
4465
7029
4078
3105
7361
7712
1010
9983
4248
4035
6942
1597
5850
6414
2716
6691
8656
5858
2358
7158
2586
6956
6253
5611
8334
6171
8683
7720
5377
6865
5676
7640
9997
4863
7548
7393
8896
9368
9494
9793
4453
3474
8824
6764
7629
7031
7633
4898
9675
8237
6155
8382
2513
5319
7421
3309
2912
6483
1605
1328
3516
7386
6671
8693
2665
3354
8097
7103
5123
3681
9740
6371
7420
2263
5031
2362
5816
4909
7462
1221
6068
1972
4728
9331
6779
1372
7316
7493
4738
7383
1596
6969
7512
9215
2858
5026
4272
7055
5104
7239
7939
1619
2302
5882
3327
5609
8551
5994
9840
5796
7607
6503
2071
8658
4341
7138
3068
4341
6450
1814
5503
5397
7728
8602
1711
4533
4351
1394
5951
7958
9057
2049
6154
9390
3178
3288
2042
9425
2135
9225
8851
3907
5262
8939
9796
3830
3308
1947
8567
2353
3352
3549
1322
9160
5385
8639
2202
2414
5602
5544
5675
9700
6971
5647
5677
5008
4824
9911
4128
2500
7788
9939
7607
3336
5804
5194
1180
6226
6850
3722
9852
4712
5598
6769
5118
4848
4944
4803
3791
8489
2286
8289
3158
2781
9693
4760
2644
2605
5796
4401
9772
3380
3282
2870
9596
5357
9928
3103
8782
4277
3262
3362
5081
1028
6575
4006
9081
4976
7502
7086
7446
3736
1795
3699
9722
4378
9248
1751
2547
6765
8163
7441
3865
8872
5085
9306
5715
2081
6537
6028
7626
8055
1958
9285
1197
1594
2974
4383
7351
5986
9020
2135
2862
4617
6805
5685
6528
1781
1663
3439
3945
3490
3529
4327
9629
4725
3507
3981
9483
3476
1452
3723
9681
2322
9787
4327
8191
7062
1457
3065
1537
9190
6890
5345
4336
4977
4041
8271
7720
8584
5287
6210
9996
6680
4891
4062
7762
9311
3027
3027
2847
2031
2178
6814
8130
4758
8294
3590
1434
2217
7652
1606
4988
5786
2192
4000
4655
1330
7465
2530
3028
2853
6961
4302
2574
4935
8353
2036
1608
5913
2451
5336
2542
3642
5375
1714
2668
1798
6158
5008
5779
9752
4670
4231
8112
4799
4177
8543
4288
7310
9715
7421
9038
8957
5607
4069
8530
5576
2978
6027
8414
6698
8350
2183
8364
1704
1824
9996
4238
2973
6661
2561
1422
7711
5909
8847
4129
1678
2537
7896
7893
3218
8266
2723
2523
9837
3924
9240
3116
8538
6224
7000
8112
1664
5785
1471
1414
8639
9965
3294
9731
8309
6331
5163
5328
9174
7028
6455
4292
6281
9606
5354
8006
6672
1696
1387
4535
8940
8116
5070
1883
5151
4057
2719
1509
1097
7822
7909
2623
8679
4682
1177
5147
2551
1355
3657
5908
7146
6540
9303
5068
2872
5703
2240
4272
2363
3638
5293
3643
2485
1209
2706
2564
5529
9894
1587
4442
1045
7518
4241
4760
6007
7043
5303
6237
5698
5663
1212
2495
9029
1208
8355
8157
7754
3153
3150
2864
2712
2676
6457
8975
5118
3572
9944
6779
6428
7029
5656
7157
8785
7082
4538
3088
1053
1680
4288
3225
9422
6858
3389
6769
3763
3393
2685
7726
5518
6236
3002
2626
2520
6074
7906
8795
6963
9134
2247
5067
7493
5908
5277
5352
9718
2093
9234
1495
2341
2315
6616
2270
3868
5883
3147
3968
3424
4512
2085
7245
5992
5239
2197
2507
2789
2041
7486
9689
9898
4267
4816
2376
4486
5872
3229
6638
9895
1130
9083
9543
7844
1604
6063
8600
9341
3343
1245
3817
7427
4919
1481
3573
8600
3462
6850
2484
5107
2352
1775
2768
7551
7477
6848
5994
6154
6751
2929
2308
1770
9493
7862
2683
3444
6633
5464
4117
2983
6402
6516
9298
2402
5832
2252
9476
2491
9206
5817
7523
2489
6584
7309
1512
1817
5283
5578
4959
2040
4593
9604
4372
2522
2789
2922
7361
5396
6122
4275
8945
4011
4333
7971
5905
3195
3646
6369
6054
1375
6203
3475
3763
3184
6879
3599
3505
9587
5765
2069
9788
1788
1280
3239
6734
5606
3567
2757
2585
9718
9015
1599
6575
1035
4557
2257
1096
6973
7083
1656
7758
5847
8500
7727
3869
6602
2895
5002
2222
7669
4752
8824
5553
9663
2099
8725
7013
5618
9080
8787
5884
5899
4590
8087
3773
8709
4835
1633
8344
1631
4377
1905
4632
5274
5523
9716
3663
6250
6160
7760
7293
5869
6311
9897
2692
9898
1655
6453
3652
6758
3173
4240
1390
9178
9620
6012
1279
3501
4411
5190
7311
3384
3902
9460
8381
5496
5221
6924
8707
3508
5621
1891
4070
4211
9793
5226
5434
8991
2625
4701
9204
5616
5011
3892
4641
4286
3471
3316
8059
4614
7370
6234
5921
1252
7839
8154
8984
8970
9957
1910
4235
9172
7488
4200
6246
6004
7848
5408
7230
9328
4867
4054
5855
4664
6646
9040
6389
8301
3185
5081
4357
9218
3006
1567
4339
4269
2695
2284
3412
4738
5908
4681
4552
7394
2766
8290
3496
1463
3889
2219
7493
5906
9687
5687
8515
5788
7560
3888
4557
2893
6947
7637
3739
6807
6631
5772
5868
5729
5411
1999
3515
6313
3645
9352
4917
2591
8375
4257
5690
9201
2589
2315
7287
1353
4267
1023
4704
3985
3258
1074
2467
3039
7930
3307
6598
5994
2874
9063
7032
9465
1083
4799
1887
7707
8793
6463
5622
5195
2475
8016
5600
7409
1094
3140
8431
6716
8408
4920
4034
6010
9115
8989
6735
1627
8604
3689
7622
7835
4431
3091
6071
3951
3629
4606
6383
2290
3431
4974
2327
4143
5895
8483
8432
7974
2674
5616
7064
9944
4281
7973
9565
6222
6672
6638
6701
9298
7434
4262
5942
9854
2257
6353
3017
6026
2178
8273
9782
6501
6261
9679
1215
5369
7168
6820
1981
2721
4461
1818
8736
8071
1735
9660
6641
8452
4853
6489
2109
5933
9554
3645
2305
7284
8944
4073
2287
4813
6395
1433
1465
9642
6637
5391
9151
5932
9185
7266
3749
1732
2136
3958
9770
2835
8303
7048
4015
7205
5922
9052
4265
8247
1133
1732
3545
7805
8517
9413
9293
4668
8229
9202
8573
8300
5300
7673
2698
9386
9796
9964
7483
2515
6523
8169
3579
8398
3676
5141
5703
6183
9885
6635
5006
1664
1024
8075
2965
7221
8438
6586
7994
9552
1040
5094
7848
1566
6987
8188
8376
7455
3353
6137
5362
3577
1021
1329
9767
9697
3046
8639
9735
3221
3391
6857
8983
1061
1330
3516
1473
3480
4283
8416
1047
5101
9584
8363
6263
6682
5352
9012
7566
3834
5690
4835
3908
5186
9459
5494
5608
3100
5299
6254
3649
1042
1167
7739
7526
3025
2751
1923
2911
7905
2285
9289
2355
8305
5185
1829
4085
7583
8115
1762
5809
5295
7797
2920
9497
8927
5246
2051
7833
6789
9124
8357
5721
9910
4808
9599
5107
1698
9223
5064
2449
3640
5735
9072
7911
5148
3100
2196
7734
6434
5097
1226
8964
4654
7524
6476
4239
1388
2998
9915
5913
4106
6839
4755
1971
3807
5715
8291
2900
4548
9730
4703
9621
9549
1833
4321
3040
2607
3791
9568
7152
8902
4141
6650
3007
2656
4507
4436
8659
3711
6877
1187
1147
8017
7738
3412
4024
7155
8506
4876
7341
1781
3179
6250
4096
4315
8713
6523
5918
5115
6696
7468
1542
2132
1790
3054
9176
2370
1415
7029
6454
8665
8234
1813
8049
1120
3106
2992
4305
6876
7006
8375
8065
4213
9241
5397
7244
1745
8668
6692
5204
3688
4998
5986
2791
3263
1000
4887
1961
9552
9538
3420
3740
5769
8641
9904
5384
7271
4623
9491
2374
9357
7634
1930
3161
3221
9040
9742
1922
4590
8214
3482
1816
8265
6795
1962
3979
1565
2613
1647
5302
4663
8441
1306
6120
6947
7527
9295
2538
8687
6049
3025
3698
8357
6628
1875
8964
6430
4274
9031
5162
6005
3582
4388
3988
3510
5257
8396
1893
6296
1987
5159
8477
5020
9336
4418
4159
6285
2672
4966
7307
2744
9572
6859
7949
1810
3350
2921
4654
3308
7033
2813
1873
5803
1990
7147
8981
8115
6995
2604
5012
8958
8185
2495
1734
2399
2896
1754
7253
6687
9601
5770
7189
5059
6096
6532
8840
2105
2097
4124
1679
7785
5819
7608
7393
1092
8698
4890
5223
3451
1643
4552
4304
4846
1316
6979
2539
5942
9610
4035
6153
9069
2111
9667
8294
4307
1637
4659
2669
8509
6976
9478
3345
4757
3042
7381
9120
3313
7511
6302
4696
1537
9030
3614
4245
5831
7186
3148
2598
5905
6749
7054
9752
2309
3108
2759
6036
5604
8417
2034
3929
7689
6713
4752
2433
1021
1638
5829
5254
5396
5660
8759
5997
9361
6045
6206
6449
4979
3025
8698
9413
5183
1985
8300
6658
7805
4241
3172
6576
3973
7397
4826
5481
4724
5321
1115
7610
8150
9314
8434
8901
9067
8965
5870
4085
5176
7731
8725
5895
8175
9163
5385
7433
4735
5044
7566
8634
6376
6649
5351
5206
1337
1423
7627
3542
1287
3765
6996
9684
8795
9587
6593
1054
2382
1605
9901
6516
6430
1824
8073
2861
3175
9336
6592
4655
8141
8582
4509
8288
2325
9067
9163
7926
9597
6832
5654
1783
1454
9093
7501
7038
7490
3678
5109
4024
6590
9791
7811
3039
3037
8807
6608
5750
5408
6719
5980
9794
2922
8411
9464
8806
1675
8535
4771
3614
1810
1835
6634
6532
1617
6454
4499
7862
9034
4104
4738
7119
8267
3719
5423
9070
2898
3826
3916
5579
8850
6475
3149
8441
6632
7911
6919
1511
8959
5999
7205
2380
3496
8341
7580
8519
5938
4799
1210
9375
5535
9769
9025
5716
1065
6099
9476
9959
1701
3582
4352
3881
6095
3993
5946
2849
7477
5990
7758
6250
7419
2569
2641
9643
8721
8261
2132
9490
9929
6130
4836
4035
5401
8243
6430
2490
1283
1361
4788
3789
1360
9772
9343
5153
9529
1101
1685
9311
2215
1128
2244
2260
9061
6910
8237
2011
9708
5637
9442
1079
2969
3691
7302
1253
8664
5319
8611
6760
1077
2843
9417
6288
9284
7174
7897
1559
5260
5484
1064
8646
8468
4776
6429
1758
7343
7685
3623
9378
1853
8069
2602
7637
8847
3338
1221
3567
8462
1118
9101
2039
3662
7438
6601
6075
5781
5401
1977
2795
6666
1478
6544
1774
8142
3642
7192
2272
1194
5146
6098
3048
1963
7844
1244
2653
1310
7414
9439
7225
8258
3374
6649
7970
4425
6785
4869
8301
2586
1402
7755
9413
8747
2621
9754
6366
2121
5880
6943
1618
7441
7925
5380
4797
7079
3360
8035
1413
8028
1607
5857
7343
4144
5039
6776
3874
9048
7881
8705
8513
6806
1285
7378
9003
7733
6519
5240
9942
4819
5374
6071
3631
9484
7388
9757
1920
3412
4414
8030
6032
8932
7540
5621
3047
6922
1096
4948
3318
8767
7574
7773
4537
1463
8872
5126
9477
3038
7381
7908
5802
3358
2175
7475
3590
6469
6645
4608
9233
4884
4040
5630
3441
9496
1989
6864
1994
7612
5031
2130
1436
5593
4015
5457
9785
6225
4624
6017
5062
4952
7966
2179
2207
1356
3831
6193
8726
2271
2774
1552
9446
5814
5278
8019
6197
6603
9036
5877
6603
5595
4006
4689
6231
9439
8877
1321
1284
7915
9315
6178
5203
6950
4019
9369
6123
8265
6519
6497
4259
3648
6476
6449
3721
2341
3519
3692
2729
9087
4646
7511
8886
7766
3708
8933
9407
9276
8858
1267
1823
1690
2784
4839
6486
6165
4512
8501
5021
2624
3292
4011
9509
5635
1128
8203
1967
6973
1217
7923
5715
4582
8761
8935
3311
6004
5285
8354
3108
1923
6651
4335
9708
4768
3238
4421
3530
1413
4622
4321
5875
7875
7223
9272
6626
3590
3824
8725
2378
6414
7354
2585
8858
8220
9557
5766
2137
6569
2183
6765
2917
1580
7782
3771
7919
8279
7550
8312
7737
9236
5504
5841
1466
2336
4085
5981
1104
9929
1052
7729
5621
3113
8913
1981
3059
9498
9125
2494
6015
8996
6147
9015
4175
3696
7351
5873
1362
5213
2244
7018
5533
1352
6702
5894
9279
2797
3503
6528
7739
3316
4790
4536
7055
3860
6830
5036
6018
4141
8013
5726
6894
5028
8071
2916
4752
1165
3658
5759
4795
5945
6084
4298
3952
8441
2922
5217
7959
5764
1977
8889
5645
8050
1811
3450
2613
1165
4438
1496
8877
1880
7195
3242
7394
4717
3797
9594
2845
7381
4817
8479
3888
5134
9125
2879
4129
1565
3257
4320
6210
8562
9011
5000
9263
8909
1544
2132
2477
7642
4767
6172
5860
4857
4355
9622
8107
5002
2319
8079
1826
7363
8069
1990
9575
1487
7055
8795
8976
4966
1711
2907
1402
2915
8761
3199
5729
8759
4681
9789
6783
3367
2567
7151
5077
2899
8401
3378
3982
1599
6445
2549
1855
3774
4518
6158
8029
7190
4145
8734
5665
8357
5783
7517
3440
2562
3084
9083
1467
3217
7717
1519
8296
5664
5424
4048
9750
2831
9495
7825
7724
7105
4831
6978
4781
7864
5959
9233
4182
7967
4500
4420
7348
4549
2845
5590
1234
5590
1484
6588
9490
8348
8202
4084
8959
5067
6861
8853
6855
5489
9379
3395
2802
7480
2862
9736
3356
5731
3674
1332
9546
9616
8195
8161
2646
5335
1656
4567
4529
9141
8934
8305
2324
6551
7783
3172
6841
5092
2484
9524
8528
6263
8309
3770
3064
1922
8811
7385
4393
8427
1954
5420
3073
1992
9973
1228
2944
7600
6796
6751
6307
3470
4222
1941
1150
4162
1836
5540
1253
9846
6266
6811
1489
3807
2589
8149
4857
8698
8485
9977
2670
9071
3565
2644
7881
3972
4601
2545
1232
2475
4619
9487
9571
9023
8552
4459
3906
6662
3804
1799
7332
4627
6510
6362
3762
5355
9828
2001
4393
6904
9163
4779
1028
4623
4225
1286
2370
2291
8917
5862
5378
1530
3752
7826
2065
7536
3105
5907
8762
3441
5074
8563
1164
3318
8398
8310
8932
9121
5637
5342
5377
9032
1126
6758
6579
7866
1401
5232
3201
7377
9377
9065
2710
7713
5874
2314
4223
2685
7349
9232
4673
4977
5599
3024
5267
7125
3332
7038
3002
4384
1797
2467
3264
9821
2919
6670
4209
4003
5837
5742
7366
3811
7376
6732
3004
9709
9962
8090
5790
5696
9666
3268
9870
1989
8791
2581
8887
7573
4907
8038
3760
4303
2676
3757
3646
2783
2788
7572
6208
3113
2026
3917
7073
6130
1181
3205
2489
2889
6073
6728
9983
6522
4280
5823
2673
2028
9522
5040
6101
2820
4868
4970
1866
6076
8700
9000
8972
6903
9060
3595
1828
5126
5590
3720
5079
7142
5064
4688
5240
1672
1668
1790
1356
2433
7788
4610
8160
8260
5095
7338
7051
2845
2412
1834
6137
9998
4286
7421
5578
1059
2158
9492
8013
6935
8349
6172
4359
4836
5434
2147
4244
6335
3637
9661
2674
9841
3811
8433
5608
1274
8086
7323
2554
8198
3513
9678
6919
5743
6910
6873
8246
8151
9358
1386
5986
4530
6699
2220
4110
6682
9134
2424
9278
1182
5376
8885
8686
9270
5981
3751
7291
3626
7068
1162
5437
6204
5482
4132
3492
4364
1305
3557
9693
8708
7434
2651
4092
9013
7653
8642
1954
7885
9971
3355
8154
3640
3022
4100
1336
8558
1100
4082
7707
3994
6154
8583
2322
4285
8033
3383
6525
1330
2315
6949
7660
3678
4059
3610
4229
2357
4206
6964
6007
9013
8207
8429
3181
9649
7378
2091
6313
7635
5665
6000
6305
8524
5016
3085
7300
6862
4524
7472
5921
6056
8267
8586
7620
8067
5869
1829
8687
3450
5677
4147
4425
7753
2949
5305
8965
8035
8759
1919
4615
8642
4451
7866
2557
7063
2688
9877
6513
4915
9791
5001
3113
9468
8256
1909
1769
2301
5379
1471
7854
8939
8171
5009
7830
2041
9598
6050
8003
6795
7175
2430
1694
5420
2078
6514
4147
8276
9872
2627
1144
3769
8407
4962
2128
4391
4755
7492
8505
1080
3149
2190
1180
2784
3598
5352
1662
1333
5596
5225
4986
4497
7414
7520
3465
4998
5266
5965
4242
1170
3199
2657
5103
6759
9849
2594
5798
2546
9743
3371
5476
6684
6218
8538
9584
1328
9803
5546
4331
1623
3996
8417
6662
7350
2756
2437
4293
2204
6430
4202
2249
4792
5489
4725
8031
3258
8305
9621
6198
2837
8884
4498
2722
7422
5879
6316
4686
9663
7735
5035
6545
4244
5495
5256
7295
7088
2044
2694
5812
8356
5577
2434
3218
4249
3371
5524
5995
4176
7435
1703
9645
1822
1172
4126
4680
5669
5128
6140
8397
7661
7335
2616
9877
3061
4706
8983
6912
6079
1124
5942
5407
5881
8513
2630
7034
1912
9930
3396
7408
4709
3070
5544
1713
2054
1398
1626
7264
4301
6338
7302
4713
4539
7766
1849
7812
3809
2727
3456
8814
5908
1930
2513
4678
7457
4710
1585
6250
9713
6692
2238
6776
7023
4432
5368
7997
1020
4312
8409
5791
8293
5770
8248
5852
4060
2120
2551
9363
9350
6898
6299
2674
8322
7695
9641
8503
8184
6495
6902
6201
2208
8865
2505
8764
9372
4763
6589
6258
4202
4050
6752
2833
7609
6844
7510
7588
4910
2291
1958
4424
7375
9394
3108
9819
8168
4141
3129
9519
4518
8583
9186
5363
3643
7119
2230
2309
4117
6706
9572
8897
5632
8657
4821
5814
3844
1270
8455
7253
3289
2873
7913
8215
3047
1681
5836
2346
2774
2460
7048
4257
1366
6159
3651
1231
6083
1313
4225
7756
2707
6442
1499
2162
8461
5594
2726
4352
8806
8808
8411
5979
3007
9199
1559
9395
3761
2222
3135
2424
1998
6824
1551
8675
1458
3743
2772
1929
6713
1717
2870
5543
8448
4520
8770
8494
8846
4709
6044
9481
3877
6522
8129
6393
5074
4687
7590
2251
8832
9238
6280
5717
6530
3697
7948
7375
3033
6872
2404
6004
7166
1799
9906
8035
9775
9043
8102
8922
3856
7871
2463
7616
5169
1155
5794
1652
8275
3364
3471
4042
5731
8524
7854
3163
7890
6412
2536
1145
8039
1783
4777
1847
9879
1527
7567
8693
7999
2592
5687
4019
1390
1562
1667
7593
2184
3063
8653
2005
8819
8197
1038
2663
3973
5945
6100
6926
2004
1990
6594
8317
4778
1024
3217
9088
4117
4327
1215
6715
5272
4734
3195
6493
1960
9328
3593
3454
4356
1051
5067
8962
1013
3838
5254
2540
8856
7019
2901
4232
3986
7641
6660
3699
1560
6345
8872
8971
2322
1730
2759
3820
2809
1233
5471
7975
9468
7104
7392
8113
8669
2685
3731
9145
8845
2488
2805
5018
9061
6915
5974
2658
8950
8948
8724
1033
9472
5275
6730
8704
2722
6251
8874
3874
6401
9428
2132
8059
4005
6779
5559
6185
7553
1356
8218
6636
3392
8569
7556
3585
8873
5748
1618
1925
8333
7801
4995
1209
8379
6676
3870
9519
2739
6450
9390
5665
5059
3385
2871
5651
6778
9012
7370
1593
5532
8775
4016
3653
6194
6312
5024
2675
2569
9097
2864
9689
6553
1059
7906
5621
9260
2608
7056
7756
4461
9718
9847
1265
1259
8158
6941
1113
7896
7194
3657
7744
2442
7027
7071
1086
1229
1382
4183
3217
7806
3821
2401
1891
2276
1396
5396
3940
4024
8265
1892
7047
8554
6077
4522
7966
1512
5731
9664
5169
7516
7209
9261
6313
7439
7777
6952
7240
7676
7832
5204
5840
3861
7349
7385
9462
4852
8179
7620
2591
9475
5954
9512
2513
2202
7143
1929
2219
3172
9787
2981
7653
8882
6106
3669
6219
6659
7434
6467
3701
8897
9940
8431
1018
5091
5886
2614
9002
7196
4102
7424
9409
2852
5745
7377
5780
7599
5180
7039
8625
6155
9479
8399
7557
1613
2529
4698
2055
5800
7660
3616
4614
2803
1944
8664
7776
7637
7748
8848
8267
7520
2899
6694
1364
8517
8327
2833
5150
4050
5357
2555
3817
1081
5008
6643
5648
7492
2155
6482
1967
1470
4773
6827
2818
4236
5641
4259
7328
9589
4529
6532
8110
9235
8793
7482
6613
3154
7303
5441
9071
7307
8042
6569
7291
1948
6199
4105
9057
1788
1806
2423
1987
2412
6850
3603
3693
4659
1026
7357
4909
2929
9950
6443
8069
6552
2361
2544
8758
8942
8479
8372
4887
1756
1935
2812
1094
8106
6599
4641
4745
6338
3858
1290
1060
5532
4535
5042
2679
4919
2925
1381
4941
8477
9300
3204
9044
3403
8155
9704
6589
7313
3905
3737
6163
9219
7672
1847
9724
2811
7055
4799
1467
6576
2977
4998
6416
2470
7680
3410
3805
9746
5316
4408
6182
6738
2246
5974
4923
6800
2892
4125
6802
4248
3743
8065
9305
9734
3564
8216
2688
6341
9624
9242
1718
6405
4433
8275
7922
4563
8930
4438
4712
7059
9434
5819
3691
9290
6594
8185
4066
8763
9234
2383
9739
7869
7517
8133
4208
3402
7643
8508
9780
1689
7789
3871
9639
1874
6056
8266
8553
4969
4092
4151
4292
2983
7337
3617
4732
4465
8344
6739
7287
5812
3883
5959
5799
5949
8220
2315
6367
9896
4416
2910
3949
7448
9623
2827
4890
7603
5040
7312
5370
3646
1822
2463
2355
1930
6099
7325
4463
8629
8434
4585
3473
3510
7272
7458
7336
3158
9020
5519
2946
7535
7824
6091
4858
1710
3842
2490
2819
7489
8707
7536
2789
6729
9657
1800
2339
6168
6869
7878
9374
4806
2466
6062
3505
4572
1970
1551
7275
4705
4792
7791
5689
5940
4697
8127
8340
4499
3452
2509
7093
2530
4923
6783
8785
6426
5200
4912
6528
2862
1104
9429
8774
7260
1202
8633
2695
1746
9688
9542
3930
5221
6652
2093
9641
5341
9146
6592
3358
5614
4674
6135
5099
4309
1820
3687
8801
2052
2268
7610
7234
9475
3004
3151
3896
9099
9053
9555
9100
7928
2617
1456
8196
8731
1085
1654
4806
1301
2052
3305
2245
2152
5214
4107
8881
9227
6022
8853
7825
9970
4905
4918
2643
6100
2119
8897
6967
8082
4261
1636
8855
6458
8940
4772
4821
2005
9808
3056
1711
2091
1780
5037
8731
7255
7362
4018
3626
8276
4164
6711
3524
6285
5842
2503
5496
2726
2085
9882
6179
8444
6907
1422
8360
2654
8718
2927
8786
8754
3651
1913
9221
8806
9443
6052
9591
7680
7514
4607
7958
4927
7100
4753
1794
9562
9275
9872
8784
9469
6937
5206
3123
8623
2703
2405
6612
2130
5672
9994
6744
5077
7274
6686
9759
6662
6885
9135
7290
9239
3828
7419
9625
9274
5105
6039
3540
1379
8711
5069
4085
8307
4571
2304
8203
8609
7921
5572
5796
6843
5908
7897
7750
4036
7820
1889
3966
5735
1805
5986
1953
5869
8061
4961
3926
1822
8153
6482
1238
1888
2518
1106
4794
9966
5955
2556
7415
3125
6991
4874
8926
3344
6367
9659
4267
9569
7621
7390
1212
9183
7948
8082
2263
3152
2802
2958
9941
9403
9015
5316
7310
3240
7540
3495
6698
5686
5704
5022
8093
4633
7000
9578
7181
4402
2290
9936
4323
8293
4263
7520
6767
8888
1490
8465
4674
9986
9479
4479
7112
7190
9336
5282
2882
2525
6367
5613
2872
2089
5492
8460
9543
3345
5833
7060
7109
7619
8426
7648
1590
1457
6161
9859
4999
4780
2105
3288
9892
5007
5687
5468
8905
4389
5685
5980
5982
4810
3014
3785
4703
3678
8515
1887
5026
3978
1943
7680
8216
4773
6821
9286
1173
7837
9743
9128
8259
4331
5448
7591
3877
2457
4413
5458
5975
7359
3488
9600
4482
6075
4750
4003
6622
7345
1408
8221
1049
4884
9465
3016
2086
5631
5154
4153
2473
1956
1318
7281
4268
3831
9905
6495
9527
8616
4786
8105
7408
5164
4882
6606
7528
1007
1584
8538
8627
2629
1308
5600
8823
8838
2767
8908
1685
7053
9273
1522
3037
3600
6548
7716
5288
7737
9087
2396
2154
7529
3608
9283
8126
1434
5927
1757
3330
8995
3202
4050
8405
4355
1555
3984
3588
3931
4219
1717
4447
4427
3315
3382
7475
5111
6352
9702
1416
9056
5316
1222
2335
3859
5176
9754
3995
1149
4669
9061
2405
9877
3850
8022
4849
2166
3338
8665
5677
5347
2863
6010
4404
3335
2352
6899
2590
4721
6714
1654
7743
1591
5408
7763
4623
1560
8721
5001
9374
6999
1720
8707
1525
5492
3298
8307
3979
5773
9598
8456
2040
8961
8578
4682
7558
3125
5465
9082
2696
1599
3801
5299
4457
3156
5975
9206
1249
4136
4906
4369
2849
1959
8218
5559
1756
9793
3252
7922
8698
7432
9586
5198
2559
1136
2008
8319
6092
1074
6597
4666
3436
9916
2291
1877
6667
3485
2162
3733
8412
1381
2230
3136
2684
5839
6148
3715
5309
9505
7232
4158
5023
1710
7236
1220
4102
1663
4692
3686
5175
3291
8380
4732
9013
9693
3440
5089
1401
1586
2116
3477
5042
8760
9154
7254
7790
8508
1953
5561
4342
3130
9815
9425
6748
9053
9486
4529
4392
1571
9985
5275
2964
4009
3699
2002
5556
6149
6132
3254
8687
1301
4361
8013
9257
3439
7408
7313
3640
9005
6815
7360
5915
7277
4663
7305
1169
9748
1468
7806
4435
1757
6415
7488
3224
2021
2241
3777
9554
7827
7171
8628
3343
9971
1407
2157
2002
6655
9920
5131
6224
9226
9122
3713
7318
5043
1213
8569
7232
2987
9440
2516
6404
2628
4707
9333
7797
1392
5639
8444
8582
6853
3855
4375
6062
7185
4436
8436
7638
9430
7372
1771
2081
5452
2807
7412
3847
5804
5979
1627
6297
4038
6565
6815
4281
2827
7557
5313
9467
6028
4921
8396
7532
5216
1846
6682
2620
8638
6129
8716
8363
7231
5026
4297
7362
1179
9981
1664
4632
1580
7066
9603
4556
7642
2012
7058
5849
6280
5224
8415
2186
8833
1540
9494
7610
8062
6907
4947
2643
2971
3867
9101
3533
8507
2050
8803
5255
1410
8090
9248
2883
4877
3406
4809
9388
6552
5656
3763
5937
4255
3292
9989
5780
3582
9565
3802
2331
2227
1685
8880
4351
8298
7172
3748
7807
2676
5043
3257
9149
7580
9391
2259
5382
1384
8656
1195
3419
4869
5954
8051
8374
3877
8875
8262
9940
2208
8166
7226
3507
1597
6610
3522
2516
5050
8074
9380
1041
8202
9651
8938
4327
9974
5802
7076
5901
5073
2778
1266
4314
1128
3141
4011
3087
4303
6983
3388
7037
8948
7182
3823
7458
5158
8627
2416
2648
6304
1851
2472
7559
7288
4730
4247
8770
4039
6664
2516
9820
3908
7363
8030
9121
3040
1354
9681
8556
5679
3183
9277
7389
1970
8363
9783
7072
5802
7238
3384
7221
2093
6435
5205
2746
1389
3155
9990
3023
5945
1039
6402
7643
8215
8756
6246
6029
6745
3063
8224
5496
8289
1644
6774
1777
2678
9365
6792
5897
4032
6273
9088
1219
4451
7783
5399
1716
7964
7166
6770
2652
3572
9978
2413
1027
4835
3654
9927
1117
2059
6325
9028
7540
1483
1098
2019
4522
6679
5402
5287
4919
6928
4871
6167
5876
7147
6918
9687
9834
3854
5223
4710
3178
3658
3615
2298
1493
6539
1650
7456
6914
6631
9230
1202
2707
6181
2198
7561
4062
1387
7294
7522
5941
9839
7677
9069
9919
9577
5964
1388
5338
6142
9004
2791
8616
8990
6445
9629
7771
4769
7285
2827
2352
3642
1975
6062
2671
8554
6966
5349
3366
5786
3881
6648
2657
7947
9611
3892
2093
8897
2304
1569
1490
5949
7496
9791
7981
6206
2581
5077
3698
2650
1571
8021
9117
8735
2366
2386
9177
3131
2658
8337
1899
4860
7161
9561
6437
2879
1434
8952
2566
3384
4060
4310
3222
2175
3836
9050
2074
1287
4222
1473
6975
8940
9153
8302
3820
4464
9009
9649
9351
2489
8437
8311
7251
7708
8828
2643
7320
3707
7887
5147
8132
3567
5109
1509
7332
1667
9934
6163
3846
7379
9967
3508
1425
3431
8077
2267
5322
6472
7086
7279
2727
7928
8067
9970
4047
2637
7973
3902
4406
7472
6365
4429
3822
7224
1020
6546
1939
5374
5662
1479
2152
6168
6369
1377
3988
2816
6983
5350
7992
7952
1066
1914
1900
5673
9164
4357
5368
4959
6313
4690
3020
9704
1722
5578
1458
8752
4191
8316
1066
1006
7332
4939
6502
6016
1075
2386
4639
8836
1844
8474
2301
4829
9198
4070
2122
3797
1851
8812
7027
6331
4603
8164
2069
6277
9992
8274
5204
3964
4760
1306
6441
4094
2214
6544
9099
3017
1220
6507
3343
1607
5419
9165
7195
8350
4146
5635
3466
2399
8299
5810
8519
6276
3962
1537
5635
9251
9750
8313
1890
8269
8911
7267
4336
5749
4064
7213
1966
9497
3076
6640
7839
3313
2801
8729
4275
3911
1589
3569
6627
9249
5093
6984
2818
8447
7726
9362
5796
4279
2186
6035
2152
9401
7156
4186
8489
5202
3342
1564
2261
6880
6908
1881
7509
1281
2192
8414
9588
1315
7917
5923
8174
3014
9115
9152
4982
2532
3816
8933
4793
1989
6741
3313
3629
3760
4138
8837
1012
6898
9210
9587
5580
7563
3566
7130
4686
9306
4501
4189
8701
8226
5294
7941
5221
2150
8720
6880
7722
6980
8033
1673
9681
6711
1041
6685
7539
4796
8529
3282
8972
6237
6225
7183
5059
6400
5771
3947
8342
6826
4665
6959
7791
7528
3603
3701
5576
3755
9972
6474
9892
8526
2016
3878
1236
3929
5308
5426
8467
5316
3548
3806
3389
8216
6203
1816
9562
4952
8072
6789
6655
8281
5309
9481
5134
6764
4416
6238
3478
1781
5933
1187
7377
7385
3190
4983
4117
8719
6698
4170
3489
8544
7687
8210
5964
5688
8085
6178
6526
5746
7205
9212
1818
6972
8801
3579
3923
9368
9313
5534
1506
1604
2968
3782
8778
3677
6873
5096
2849
7355
5569
7001
5900
6410
4281
1470
4849
5895
3926
8883
9909
7998
6578
1552
2885
9963
5150
3392
4685
4237
4855
5784
5957
2855
9528
7456
1496
3841
4818
3293
7438
1316
1019
1607
6345
3920
8396
6924
7832
4282
5657
5914
3234
5200
9544
3799
1597
5945
1049
3526
4136
9844
8891
3255
7883
8829
4953
2426
3182
1200
9830
9901
5396
6159
8860
9671
5042
4113
9701
4675
2721
5427
2962
3542
3159
8921
1218
1345
3426
1048
4862
5730
4849
2995
4115
1643
6298
2015
3530
9629
7304
1679
5627
4276
3801
6806
8013
5649
1461
3970
7524
2266
7753
6723
9505
4038
7420
2869
6075
5115
7315
9603
2176
3725
6987
7880
5810
9850
7030
5398
4837
3931
8861
6630
1147
8507
5230
9784
3076
7455
9263
4460
2470
6877
2924
1957
9880
4982
6524
5325
1850
1336
4440
8527
6453
8711
1880
9876
1485
5721
7213
5592
6490
3183
4488
6331
3677
8753
2849
5985
5179
7653
5117
7293
7630
8183
4737
8884
2338
7106
5864
8661
2076
7180
2550
4664
4759
6228
6571
4865
6987
8797
4394
4654
7928
2438
7236
3978
5775
9267
9319
2186
9850
1803
5507
1249
3498
8346
7814
6118
2412
6283
7434
9225
5293
7122
4184
6126
1371
1472
2137
2371
3221
7832
5308
9925
9742
5446
7895
9374
1801
9740
1924
5603
8219
8737
5265
9845
4725
9887
9287
3432
2132
8377
4193
9360
3175
6817
1501
3945
2309
5757
3935
6155
7217
3868
4603
1943
6881
3832
2155
9905
4310
6134
9672
2634
4835
2802
5002
1658
5424
6253
3694
2224
7359
8874
8510
4875
9259
6241
7687
5943
4330
6567
1957
8663
6231
3166
8509
2228
4549
8800
7327
1149
3161
7527
7869
8474
4759
7856
2473
7088
7006
6148
8872
2145
3293
4093
6315
2435
7170
2360
7106
8573
7497
4623
1194
9288
1360
6039
8710
6196
4553
6890
5400
7648
8586
9063
5360
4298
6062
4910
9970
2052
4107
5676
6030
9963
1068
3112
1900
9698
2992
7710
5951
1754
7036
3357
3777
9822
3125
2482
9991
1145
3277
7398
3703
3723
5701
4543
1313
9664
9780
6890
6863
8668
3047
8815
2464
7588
8308
8997
2579
4704
3334
4614
1280
8250
7963
4812
9423
8801
9117
7645
8546
3674
9079
9113
3542
7913
4721
3542
9948
3015
5257
4725
2013
1827
8096
2192
7210
7916
4960
3193
2757
8743
4882
5854
3145
6153
2107
1670
7127
3713
2072
9149
8819
2795
1399
4869
8627
6653
8606
1016
7035
3049
6056
1028
4478
6172
4105
6594
7414
2117
3217
9357
8003
5948
4602
9669
6623
4628
2886
9330
6720
9361
1617
7831
7296
3959
8437
8395
4481
8334
5453
9740
7164
8272
4873
5227
9984
3798
3238
7794
9577
2624
8324
5666
4891
3219
5460
5176
6709
8674
7391
7279
2131
8875
4136
1202
7238
3924
5529
8302
2663
2879
8559
3252
2357
1950
4994
2274
1425
2196
3901
7146
3044
9965
8397
2286
4465
8726
2669
8463
1613
8056
3684
7260
3611
5839
1499
2598
9205
9407
9594
5118
2361
1243
3366
9279
4926
3944
1518
3611
7554
9041
9997
3684
4383
2513
9741
6021
2184
5191
1065
4011
8522
2850
7093
1558
1948
7077
3378
8849
4425
5735
9989
6605
6871
5097
1574
7367
4000
2905
2933
4170
7849
4523
9566
8017
8681
9364
8452
2246
6214
6772
5598
9833
9934
8057
7522
1275
2496
1229
2716
6341
4612
2492
3711
6746
4347
8138
1623
1734
3705
6429
4865
7588
6367
2475
9047
1138
2765
1165
4167
8089
1187
6959
5088
6368
9198
8756
6869
6692
6673
2044
2256
5290
8573
1891
6936
6577
5951
7953
7599
5412
7338
4000
7447
2276
6980
7263
4106
8669
6851
1086
8258
4490
1267
4425
3994
5286
8419
1165
9422
7490
5114
4756
6508
5091
6183
1381
8707
2825
9977
2316
9914
8514
4304
1433
2836
5324
8979
3466
9535
2681
7588
4282
8079
1373
1257
2977
1724
3696
6031
9061
9792
2279
8268
7262
4123
9223
8307
7662
4379
9922
9502
2363
4067
4758
1968
9423
2680
5689
7556
1223
9934
7993
3534
6830
4320
4511
9676
3252
3337
3193
5954
1145
8961
6198
4962
3187
2606
9893
8623
2282
2154
2764
3886
2794
8391
3343
4020
5326
4262
8860
2042
5248
8241
5420
2885
2254
9852
2738
9639
8441
5756
9537
4137
2280
5716
4363
3460
3122
5643
2490
2439
4611
4200
3519
8024
1405
1387
9282
3338
1784
3717
1900
8324
2825
7072
6650
5388
5279
3802
5804
8025
5388
5866
7081
7330
5514
6246
6746
3331
6726
3962
9466
5531
3392
9439
3206
3857
1149
2057
7867
4950
4835
3653
1179
7829
9556
3283
8314
1373
8491
5727
5495
1772
5743
2047
9401
4348
3132
8292
9931
9934
1158
2821
3172
8220
2012
1316
2864
2398
4471
4031
7085
5463
6103
2043
9915
5074
2235
4162
9908
6477
1256
7764
9540
7860
2874
3757
4856
2911
8791
5328
6614
9270
8768
4877
1059
6838
5527
2881
2959
9436
6715
6364
5911
1547
3057
4431
3835
9011
5821
9985
7632
8322
2671
9764
1377
5899
4815
3539
3952
5589
8693
4911
8112
1279
5476
7671
3252
1550
2230
4125
1990
8077
3490
2768
7661
7612
3143
3542
2022
9400
2610
8956
6966
8482
7118
3917
3452
1957
9033
5127
9885
2421
1604
2992
8715
9974
2856
2697
7529
9523
9448
3752
8261
3566
1955
5572
4201
4192
8140
1063
3821
3797
7793
7996
3792
1402
2530
5899
1752
4721
7321
2268
3480
8569
8297
4752
2335
9563
1871
2292
1482
6942
9479
2453
7157
8129
9242
5432
9117
8072
5309
6864
5209
7917
9475
8550
9087
8829
3280
7367
5545
1231
1963
9443
4305
7927
9060
6845
4595
7149
2415
9609
4861
2232
3534
9180
2922
5509
4554
2806
3407
5415
6750
4043
8326
1622
1926
5209
1714
6856
8750
5378
9998
7095
7596
1574
7466
1213
6498
8869
8637
8699
2163
3754
9382
5387
9009
2421
9936
9965
4453
3737
6746
7402
2798
9421
9570
5421
3735
1456
3819
2826
2602
8019
4863
6405
5016
2201
5548
2627
6574
7645
2921
8653
6591
5759
9935
8168
7053
4426
4406
5246
6197
9167
9242
2480
2215
7973
2926
7549
8697
2344
3260
5575
8811
1053
1763
9272
5521
1354
5248
9865
2369
2247
6571
4520
9375
9419
6283
3534
7481
9881
1008
2008
4371
1085
3946
1337
9285
7598
6344
8652
7658
7679
3345
5248
8032
4063
2850
2066
9492
6982
3418
1575
6769
7061
7165
4476
9186
8474
1393
8863
4313
2916
9905
6799
2462
9918
8001
4237
3139
8379
6355
9449
1772
4042
6918
1991
7229
6325
3294
8869
3005
2928
8188
1283
1219
9647
4896
9151
6497
4343
3862
8548
8665
5922
2527
7328
6996
7357
3331
1544
8620
8924
1633
5597
5805
4275
2296
8070
1884
7645
7384
9067
7567
6420
4034
6965
1917
5977
3494
6947
3960
3533
3995
5582
6986
2471
7316
6769
1231
4533
2192
2320
8137
5426
5653
2492
6590
1069
5499
7041
4651
5914
2799
3354
7413
8751
3167
6756
1017
5036
8112
9476
4553
6068
3958
4935
1626
7304
3589
3403
9726
6974
5749
9564
5921
5084
5626
4462
6515
2951
1276
6302
3605
7068
9859
8053
3540
9897
3082
3950
6700
1398
9727
7463
7257
8432
5992
7866
6091
8027
6978
4908
2951
3418
4317
5369
1940
6726
5648
5069
1105
4047
6982
7129
7038
7221
7057
3768
5829
3616
1067
8923
7934
1519
8979
9312
1953
3218
2055
1612
3690
5422
9919
7389
7794
6470
1406
6426
9552
2931
3107
9347
9560
9074
6696
6084
2865
9293
1500
9005
4606
1016
9898
1922
4131
9763
9809
6309
9480
5890
7782
7627
3558
9259
8863
9900
2001
2636
2847
8286
1772
3049
1286
5337
1914
3097
4154
9274
2690
9982
1771
1439
2183
5840
5150
7009
6624
6008
9829
8385
5361
9975
1236
2301
4557
7699
2060
6574
3308
9285
2111
2851
1047
6458
2179
5010
2251
1889
4929
5297
1767
5812
5930
2952
6747
8090
2868
3422
5265
1912
9233
4514
9376
5870
6011
6082
5538
8970
2655
7652
8098
3787
9203
9066
8090
4643
2624
1613
5108
6033
9598
7111
5379
7132
5463
8352
4047
1154
8027
2003
9559
3365
2792
3040
9273
3679
5501
1644
2042
5003
6236
2850
4789
3413
2861
2798
4669
4932
6089
9531
6331
3293
8571
8282
6368
2598
8766
3831
4509
8785
9256
7953
3787
5681
3241
3273
1844
9870
7644
9758
1469
7220
9285
9560
7250
9776
9082
6275
7598
9258
2372
7083
4489
3127
2997
2381
9839
9671
4289
9134
3434
7491
1056
2838
6917
4022
3770
1536
7632
2974
7009
1359
7395
1480
4940
7325
7776
8273
6801
5346
3209
4898
3750
9454
4412
5011
9213
4552
4897
6376
4121
2954
5143
7806
1373
5460
6822
8385
5000
1785
8667
2480
2664
4018
5742
9476
1473
7409
2802
4657
1713
3655
9840
6164
1101
4440
2360
6757
5264
2717
1678
5254
5595
3496
6535
9841
8728
1707
7949
5592
4449
8106
7143
3431
4901
8548
3443
5774
3903
4284
6584
2047
1374
8420
7660
3935
2259
8118
7610
2788
8278
2294
6025
2233
3219
4298
5924
6178
4607
2700
7963
5163
9657
3939
3587
3212
4930
1690
3503
9648
5077
4972
8339
2485
7406
1244
1804
3335
1310
1017
6528
3732
7991
3163
5225
1554
2258
7211
8396
8127
7912
6782
9968
2856
3538
4079
7366
6245
6312
9674
6300
8034
9164
3632
7473
2302
7463
9503
3051
3422
6991
3701
9314
2145
1648
5728
9591
2572
3675
6179
4513
1360
1946
2779
5748
4430
6293
9755
4152
6700
5167
6149
9514
4347
5533
4189
9228
2205
7375
4576
6834
4996
1355
7625
3592
9229
6322
1702
8390
7682
1032
6027
1099
2475
7303
7612
9150
7632
6425
5587
4524
4327
8068
4104
1773
6376
3007
2849
1229
8413
9760
7446
9769
8321
3616
7117
3316
9377
8737
8794
5667
7615
2913
8243
1997
6638
8485
5456
5120
4128
8227
2985
6045
9267
7715
6498
6310
8681
5194
8710
9039
5614
5471
7553
4164
2725
2968
3753
7582
9285
1056
7235
6031
8217
4916
6756
4256
1330
1837
6463
7345
9571
2949
1129
4248
2495
1206
3938
3988
9044
2426
4026
4089
1279
9807
4856
2720
4938
5383
4709
7679
7719
9133
9251
9212
9654
3864
4078
5181
2723
8728
6966
7691
5745
9060
6071
4203
5159
6317
1513
9177
2111
3145
6917
3527
2179
3500
3796
6480
9033
4048
9050
8628
1652
4273
1248
8412
8864
1449
7507
8161
2144
4763
2112
2385
8075
9548
1568
6846
2554
1090
2337
3606
3751
4008
4226
6861
4511
6616
9321
7904
3636
8297
2315
9931
6376
3097
8706
4964
2848
6109
8358
2719
6080
3954
1762
3974
8728
6092
6226
2826
6537
2097
8046
3805
3232
6402
8401
1705
2369
7199
3194
5217
7414
6009
6352
2489
7047
3101
9166
7872
8923
4530
5091
6025
5786
6298
4407
8186
6261
6797
9058
5008
6221
1410
1469
7690
5600
4254
2914
3061
1874
5773
6520
4673
5190
2755
8522
3437
8638
4245
5974
1880
5701
1153
2080
6362
7379
4270
7607
9647
2348
7542
4568
5805
6027
5237
6674
7792
5411
8318
8154
9659
1853
3782
9128
8633
6057
9396
2436
2014
3720
6601
9399
4593
7877
5729
6105
2124
7585
1554
8480
9378
9955
2063
4181
7241
3386
1409
4082
4424
1569
2705
9634
3865
4880
3523
1567
4252
9231
1078
7369
1444
3524
7220
8392
3963
6616
4037
8702
8835
4198
9934
2245
5724
9468
7113
2653
4376
8287
7234
1164
8525
2694
2411
8602
5157
5311
1079
8323
4738
6580
7739
4250
8410
1309
7919
1426
8035
1598
2816
9216
4080
5988
9051
3234
5655
9974
9542
9588
7066
3824
2429
7943
2190
6515
5848
3533
8719
3082
6042
9588
2399
5941
5240
5839
8116
3088
7405
2248
9568
5543
5227
1739
5187
4164
9279
1011
3639
1351
8505
5580
6824
7382
1113
4668
6106
2861
8689
1745
4660
7262
4160
9294
1419
8595
1436
7014
9240
4456
5262
9057
2165
1562
1555
1562
7084
6387
3331
2412
9619
5094
7263
3785
8945
4146
9705
7896
1225
9017
4268
7288
2222
8018
2248
4967
3099
5374
3611
6368
5109
3505
6547
2345
5268
1028
5330
8241
7416
6351
3719
3307
3961
8302
5773
7640
9824
1985
8149
7556
7456
7990
8212
1145
1573
1701
4022
8914
9246
3284
8954
2470
8911
4842
6677
4394
3840
2126
9849
9827
7927
4189
6838
8401
3886
7047
4323
1424
4696
6710
4288
5046
3213
6800
1624
4274
4735
4891
9087
5112
8764
6905
8961
3869
5823
4588
3018
6916
8851
1432
9706
1640
9419
9790
9444
6159
3994
1060
8275
7287
4274
7662
2380
4982
1305
1997
2225
3170
1697
6012
9140
9973
8538
6146
3442
7763
2118
4161
1973
6279
4779
9784
3007
1961
9000
2568
1779
8258
8739
2757
8098
1350
3461
5774
5372
7072
5635
1442
2200
2636
7657
7420
5643
7597
4827
7672
3009
2377
8102
6801
2672
8966
4057
7249
3029
3002
6715
2715
1454
8443
5113
5671
4415
5271
9496
7777
8991
6927
8004
2296
5923
3310
8426
4170
3295
9076
7493
2281
8220
3837
4382
1380
3728
6775
2768
5205
9058
3298
8021
7841
9842
3646
2397
5831
3234
3304
7117
9404
7001
5110
7980
8522
6431
1577
5766
3931
6731
9624
3286
1299
5346
8258
3070
1606
5925
6527
5641
6923
7778
8326
9113
3227
2687
5379
3195
6899
5561
6849
6121
8273
7486
3781
6630
4361
7219
2970
3751
6098
4237
7935
9431
6772
3286
8032
1758
9161
6072
3370
1729
2199
4576
5706
9842
1423
6366
6508
4818
5172
4635
9390
9129
5792
3616
8176
1638
6548
2793
2023
5324
5995
8315
5849
1381
7517
9311
9425
1292
7629
3805
9671
6322
4793
1219
8412
6903
1037
9751
9595
7285
6058
7180
7965
7340
5471
5929
1338
6888
3779
4291
8934
5566
6534
9104
8537
6031
6194
3934
3258
2157
4715
8299
5764
3264
7723
2828
3424
4292
5668
8700
1705
5631
2790
8862
9135
2379
5391
2812
1615
6498
6572
2426
1696
4382
2240
3564
5993
2188
7992
9979
7102
1291
8734
9160
9582
7361
5218
8270
2066
5644
4763
2156
5157
8032
1079
7510
2024
5211
9922
9053
7078
1992
6423
7115
6265
5968
2070
6838
7055
1768
2984
7884
2659
6317
3552
6270
5522
1980
9732
5526
1367
1079
6201
1417
8417
1355
2988
2492
7994
7400
6815
1359
2053
8099
9520
3351
8988
1638
7252
5010
6572
1820
4645
5388
7760
6666
6089
2127
3583
4195
4162
1279
8003
8555
6022
1645
6863
7857
5923
6993
8874
6100
5613
7239
4615
9343
9266
2761
5632
2589
5748
4054
1490
5694
5394
8601
9819
3611
9370
7280
1219
5769
9470
7812
6150
8352
3747
9610
4638
1276
3390
2917
5428
4857
7525
6552
6539
6896
7995
6858
7229
4539
5073
1314
8955
8725
7948
4094
1661
4033
1190
6407
4645
7391
7426
1440
8768
5213
3503
3807
6728
6496
7430
7657
3446
3529
8213
8177
7577
1225
2171
4424
1869
9151
1411
6031
1100
3874
5836
4984
7105
5825
4420
8434
1263
4846
3885
2774
6458
9709
1319
8320
9518
7696
6246
9536
6241
6209
7017
4391
4186
3212
9036
7159
5995
6767
3314
9753
8588
3850
3894
9034
6979
1934
6968
5609
3388
1187
3173
9371
7564
8925
8740
8222
6044
2411
3236
6286
2642
1657
4285
4601
5015
3351
4647
7586
7830
4725
3167
5759
9922
2386
8298
9142
6431
7393
3510
3258
4361
6609
6000
9666
3007
7791
4249
1432
1761
7081
9559
1109
2870
7228
7630
3859
3314
2143
6781
9866
7599
1548
5892
9886
1388
2350
9923
3978
2678
7224
4325
1609
4308
2847
9685
5497
6495
5288
7412
9205
3666
3949
6948
9383
4330
4078
3554
7700
1946
3296
8589
5724
2791
2012
9053
3665
7991
8081
4973
8770
6770
8496
4895
2674
3055
4775
9104
2359
6721
3832
1952
3861
9497
6163
9491
2638
1764
2861
9191
5494
9534
8551
9575
4578
8555
7662
6702
2103
6983
5638
3560
7032
8300
8189
1379
1147
8123
8170
1187
7317
1845
6158
8843
8378
7868
1268
3088
2299
5627
2038
9665
3934
5313
6928
1998
2801
6017
4233
1711
7779
5437
4467
1589
8214
6838
2184
5002
7337
7323
6112
1883
4456
2433
1567
7045
6610
2545
3680
7767
8207
9451
2216
7152
5676
2197
8921
2574
6899
7806
5266
7710
6527
8444
7636
2443
6330
3464
3089
8613
1544
9923
4081
5007
3584
8369
9028
2765
7378
8787
9023
3384
6968
8711
2292
2782
1382
2249
4021
9336
3176
6231
1005
1542
7949
9512
1180
6483
9332
1509
8829
8339
3612
6538
1708
2733
9785
1331
5405
6597
5834
1054
3273
5813
6769
2539
6782
1653
2984
7290
8786
5521
5432
7934
5919
6656
3097
1709
3482
1278
5703
2742
5774
8665
3881
3612
5304
1873
4365
2206
7014
2836
3330
5455
3472
3239
9711
1902
1098
6946
5405
6877
3852
1112
9708
5684
3864
8649
1681
5499
3861
1200
6187
6145
5199
5121
3439
5553
3251
9071
7050
7384
6767
1924
3864
7513
1045
9538
3993
5024
4858
8342
3398
1972
2454
3046
3534
9375
8893
9322
8340
8612
3088
6583
8702
6479
4793
6462
1248
6682
4382
1990
2403
8119
6119
8549
5517
9666
3791
7908
2421
4601
8021
2253
7715
5994
8334
1583
2288
8967
8846
3359
2766
8976
6831
2624
4728
6838
9696
8174
1806
6474
9618
4009
9330
4977
4993
5006
9486
6117
4795
8651
3872
3999
4811
3495
8546
8664
1342
2293
6099
9323
1291
5803
2596
4429
5042
1230
9949
2542
7444
8815
8040
1068
9543
2899
2663
3472
7401
7760
7820
4217
3478
4407
1069
6837
2682
5759
6461
9313
5638
6767
1019
1238
5358
