6594
1527
3513
5577
1242
5919
4372
2810
5835
3310
2506
4871
3159
4282
3915
5376
6548
1267
5701
6630
1859
6629
2564
2369
1274
3045
4757
5691
1147
1662
5337
5747
4487
7442
4711
3793
4662
6555
1963
4744
4654
7496
2740
2638
3390
3836
1562
3594
1650
5426
4961
1797
3035
2163
6853
5295
3156
1244
2174
4735
3995
5442
3258
5776
1021
4833
5225
2122
3338
3160
6448
7275
2699
6104
1187
2590
4087
1904
5968
3366
1429
6745
2026
1265
6200
3549
1061
1163
4343
7410
5162
5605
3808
6225
2786
3306
6212
4461
7126
3128
2347
7425
1795
2862
4004
3893
5002
5101
2968
4166
4842
1996
2823
5535
4092
1489
5484
6297
6251
2392
3748
7376
3854
3837
3945
2940
6040
7253
4479
7112
3583
1827
1032
4954
4605
1215
5656
5083
3703
4140
2816
2313
3819
7025
1743
3565
1983
3412
4156
4615
4544
6177
3974
6857
2655
2834
1254
5634
1923
6447
1661
4257
1549
1465
3398
4084
6156
2070
4754
5412
4200
5815
5429
2102
3621
3393
2783
3203
3981
4081
5820
3426
5701
5999
5285
6509
5226
4091
3149
5268
1990
2197
4057
1320
4040
6293
4149
6883
4812
4373
3941
4195
5356
1268
1862
6842
2073
1979
6433
3281
2909
6565
6130
4618
6136
5088
1062
6128
5009
4565
4100
1927
6808
4836
2339
5669
6445
4725
1804
6929
2412
3049
1204
2488
6278
6627
7328
2177
6497
1959
6197
4522
5491
4838
2638
5230
7298
2616
1859
1757
1891
1846
1618
2303
6501
2965
3175
6778
7146
5213
4659
5792
3636
5951
6259
6876
3462
5338
5953
2720
2783
4790
3135
4448
2752
5370
4135
3510
4429
5279
5653
1668
1001
5340
3056
7340
4538
3296
6808
1100
4543
6195
3934
3521
6989
5710
1708
1993
5501
2774
2465
5133
4110
6141
4881
6823
4233
2583
6497
7021
1008
4359
4081
6949
2432
3357
1682
5731
7266
1518
4964
1745
5391
5454
5240
2786
1489
3572
5770
3444
7075
6499
1884
3881
5850
4777
3722
1052
5624
5299
2137
1149
5026
5965
2208
1393
3559
3652
2225
5019
6824
6515
4928
5201
5804
4389
5107
4416
1919
2583
7377
2418
1691
5161
4142
7434
3705
3982
6813
4579
2784
4819
4503
2518
6846
4483
6619
1779
6349
6018
3210
2537
5875
5254
2973
1517
5314
6437
6705
2820
5291
6866
5292
7468
2389
7427
6618
5833
6451
6985
4153
5044
1522
4481
6986
2348
2790
1967
4034
6535
5083
3014
2948
2168
6132
3172
2110
7255
1939
2690
2430
3501
3303
7251
5625
2688
2641
1689
1688
4160
5431
6314
2234
6178
1070
1043
1255
5521
6645
1471
2357
7122
6162
1291
1942
2962
6410
5643
3860
1204
2229
4024
3681
1245
6894
3823
3750
5506
7212
6506
2753
4702
2018
3562
1172
2946
2033
5584
5432
6031
6828
5110
5448
4190
2777
5348
4254
1723
1647
6826
1224
1940
1255
6116
6451
5949
5931
3415
1960
6016
2971
6388
4021
3291
6481
5225
4125
6856
6934
3955
1201
5506
1260
7253
3721
6336
5494
1083
3036
5616
3170
1510
1733
2283
4435
6880
3999
2486
5831
3089
4195
2757
2571
2650
7296
3328
3032
3719
7444
1329
3829
5268
2484
5240
2299
6448
1410
6187
5271
4199
5101
4820
7282
7182
6761
5344
6554
6253
6506
1166
1854
2303
7085
7357
2651
5261
3603
4395
6543
4599
5640
6554
7173
2004
4720
1797
5468
1732
5470
5917
4623
2097
2922
5029
5526
1743
3423
4511
4329
1025
4259
4064
4142
5989
2447
4395
4663
4093
2184
1986
2604
5004
2891
2312
7157
5014
1993
5873
2787
7046
3749
5736
6771
1877
3685
2253
3106
4521
7217
5512
5156
2284
5889
2415
6107
6113
6518
1239
3309
6328
3086
4917
6646
2108
5406
4358
2354
3153
7226
1800
7133
3968
3821
1074
4127
4364
3527
5653
5382
1717
5280
6066
2225
4694
4388
5189
4445
1872
5529
1022
3367
4512
3163
3847
1545
5643
6790
3282
5709
1782
3242
6053
6642
6350
2258
2620
1666
3795
7293
1351
6396
6371
2977
1298
1286
2239
4850
3614
6136
6035
7137
1976
7123
3155
4008
3199
1167
7351
1078
3612
2746
1960
6811
1280
5797
1088
4803
5230
5574
3979
6559
6974
1306
4825
6762
1429
1288
1413
2738
5224
4835
4325
1281
4446
5765
4776
5057
4134
2268
2866
3532
2418
4777
2936
5473
2586
2931
6883
3229
5048
3861
3245
2719
1991
6152
6331
1078
2626
5744
5659
3739
4534
7097
6297
4525
3126
6958
7088
4733
5043
4966
3300
6934
1330
2936
4677
1685
2199
4326
5802
1938
4621
2306
2386
6773
3386
6601
1267
6994
6654
1539
5796
7448
5086
1668
4511
3700
2211
2443
6255
3924
3494
4937
3929
1245
2609
6438
1833
2065
2910
5201
4376
5275
6759
3415
6856
2300
6248
7212
3359
4263
4390
3444
1753
2984
6051
7178
4415
5885
5952
1194
7258
1513
6354
3200
5055
4156
5938
1344
3245
3374
4256
4854
4622
1552
7236
7337
4823
1056
4785
3910
5197
4208
3226
2115
4329
5525
2071
2792
7115
7425
3184
4431
2692
1305
4457
5336
4135
5869
2524
1570
3714
6320
6170
3158
2885
4947
5797
1738
3483
4706
6950
3926
5644
4505
5726
2705
2468
2994
3761
2829
1579
1214
5988
2461
4023
7271
4874
4647
7128
6515
2037
1928
7057
5514
1434
7175
2907
3315
1576
2254
1804
4269
6271
6744
7379
2478
5069
4620
6123
6784
7097
5641
3290
3451
7180
6164
5239
3674
3682
1701
3566
3477
4450
7242
6394
2179
5032
7149
3862
6964
4026
4693
2106
6044
1993
6715
4400
5558
5682
5054
1631
3652
4170
3881
4182
1208
6598
1066
2105
6133
7333
2403
5456
4249
2856
2895
2274
4164
2836
7069
4699
2592
2038
4032
5148
5692
2484
6589
2716
7196
6014
7243
1025
6755
3760
6352
3647
4379
2825
1384
6741
5139
3249
6080
1308
2652
7421
7421
6300
2869
4418
6403
7122
7122
5527
7235
1774
1974
3696
6553
3154
4633
1214
1675
7316
7269
3820
3708
3498
7215
2871
2444
7393
3169
5469
4192
2296
4042
7096
2512
4518
2684
3256
4075
5604
4325
3238
6384
3859
1934
3194
2299
3491
1886
2980
3644
5197
2690
7121
3681
3028
6317
6716
2627
3338
5262
2356
2093
1694
2541
7088
7130
5329
3636
4815
1564
6916
1705
1595
7282
4852
4563
2839
1365
2636
5342
6165
1935
6525
3651
5864
4991
5839
3342
6360
4375
4032
5752
2712
1552
1720
1968
4646
5376
6471
6548
4955
5074
3617
4216
7446
5712
5882
4646
4321
2213
4678
3182
3055
5229
4101
3936
5792
5238
6283
1914
6892
5073
1602
2330
6041
6394
4365
4344
5390
3844
2958
6706
6207
5915
3734
2255
5021
4664
6491
6089
5509
7031
3249
4389
4856
3041
2724
2784
6733
5076
4229
5556
2467
2167
6139
4714
1107
6481
5323
5552
4560
5952
2450
6996
1863
4399
5715
6944
7094
2357
1589
5761
1670
3823
1029
1017
6864
3282
3875
2431
2234
5994
5331
2606
3656
2969
7078
5070
1263
5709
7400
4443
2690
6946
3705
5155
5893
2922
5942
4367
4943
5803
2084
4944
3572
2175
3296
3524
2415
5093
7451
2264
2136
5340
3935
3148
5848
7170
2617
1395
7079
4772
3005
6343
4081
5658
1921
4900
3277
2985
5115
4172
6342
7109
1018
5310
5230
1704
6752
6004
4175
7497
4855
4640
1147
7131
6543
6011
2932
5612
3005
6398
3218
5121
3524
5329
3991
5864
1406
5647
4646
3561
3589
1559
5919
5553
1775
1845
2365
6875
3123
1053
1373
5433
7043
4589
7340
1289
6021
3881
5304
6605
7364
6115
1043
5109
5152
4273
3887
3805
4951
3902
2942
1276
1375
2315
6299
1533
4353
5422
6415
2394
2339
3171
3452
6437
1972
6018
2203
6529
7056
5696
2788
6755
4272
3554
3051
4979
2271
5887
3815
1793
1140
4055
7072
3078
2731
1006
6627
5886
6277
5815
2551
3783
7293
5879
5667
6664
2490
3885
4371
6456
6444
2454
6006
2762
1386
7440
1642
6141
6107
4375
2863
6350
1365
5156
1120
5744
3991
2490
2319
4531
7394
7028
7263
2691
1325
2875
4422
4179
4789
5644
4165
6888
1546
3352
3897
3853
4923
3426
2365
4913
1196
4451
6640
2055
3461
3533
7194
7495
2149
6756
6757
1259
4915
5711
1990
1913
5235
1351
4277
6050
7492
3639
2892
2853
4856
4484
3862
7492
6569
5883
4619
5899
2411
4295
6306
5878
5288
6905
6278
5329
3464
6548
4640
1562
5619
4480
4943
4236
4455
6297
2385
1673
2396
4728
2012
1830
2916
6310
5758
2093
3040
6861
3700
7412
5512
4463
5222
6200
7303
6967
2856
3537
2136
2488
1254
2248
3177
2615
5437
5244
4342
2316
6526
5167
2816
6415
4013
5205
2633
1224
5405
4460
2100
4135
6267
3191
5435
2992
3920
3708
2744
3513
5204
1249
7411
4949
1569
4486
6668
4803
2667
2969
3224
5087
5244
7258
6758
6387
2117
6342
7283
2488
1666
4419
4048
1496
1310
5819
6816
1510
6185
3175
2716
5043
5682
2257
7156
5178
6789
1360
1082
1666
5025
1048
1186
4980
2294
6148
2721
3018
4328
5384
3943
2146
3533
2387
7044
3285
5123
1566
1129
2751
7410
2616
1274
3118
6785
5231
1493
4246
5705
3953
7256
1823
1647
6341
1155
6475
3445
1017
6779
2810
5919
1590
6683
4183
2358
2397
1081
1080
5294
2072
3045
5041
4848
4370
5549
4352
5908
7449
1554
6504
1211
6306
6629
3549
6221
6568
4007
3523
5729
7279
6030
4508
1019
2479
2864
7418
1159
7317
4916
4689
3278
6074
3174
6706
1986
2344
2587
2541
3559
1978
6024
6400
4578
1217
6542
4122
2910
1126
2730
2144
2763
2004
7169
3363
2565
5364
5160
4677
3853
2551
5864
5794
2016
3248
5286
5484
4939
6615
2308
6961
1781
7302
6789
3303
3190
3624
2820
1648
7455
2346
4568
1378
5221
6918
3039
5212
4981
3021
5721
6588
2956
5720
5723
2782
6507
4184
2725
5017
3326
6114
1723
2183
4758
4300
5013
3856
7059
6317
4508
2026
3585
6095
1402
2686
5537
3038
4310
5960
4436
6543
5006
4211
2948
2361
2390
2811
1071
3790
2528
5760
7139
4981
5679
3334
2760
4615
2404
6203
1039
2770
3133
6544
3471
2960
4284
5871
3742
6385
5626
6664
2544
6729
7471
5682
7124
4025
5372
1240
3279
6559
6841
4847
4519
4918
2500
3188
2958
3318
2871
3444
6328
3013
2563
2739
3941
1251
6051
2046
3203
6114
1592
4730
4006
3288
4662
1227
4539
5069
7158
3501
6386
7370
4644
4076
3833
1433
1077
6958
4956
6295
3889
7059
4455
5305
3390
4079
6754
7281
5731
1143
3259
2885
1497
4961
4556
6552
6679
5678
7180
1313
6025
7218
6507
3934
3941
7383
6883
3925
5984
3312
5941
5837
5961
2675
5278
3141
6276
4329
6808
6609
2360
6884
2584
7385
4423
5256
6789
4349
5134
5846
4183
2093
3442
5175
5624
6711
6895
2038
4509
5419
4416
4990
2916
5572
3440
4172
4695
2537
2329
5705
5310
3759
2120
2542
4851
1124
7208
4090
5361
4368
3784
6770
2757
5683
7385
4526
3960
3460
4481
3151
1576
4005
1756
7112
6813
6220
4371
2266
1822
2120
5957
5732
7065
1805
5466
6304
4907
1034
3513
6803
6807
1189
5492
7456
1712
2267
5548
5030
4944
2712
2191
5674
4409
5779
4964
2680
2636
6526
5315
3859
6162
3220
2862
7314
6161
6529
7038
7456
2034
4388
5660
1949
7055
3500
4380
6706
2849
5665
6303
1831
5019
2898
3284
1028
6439
3806
3877
6913
6208
4312
2145
1879
1570
5939
1111
4332
6360
4856
2715
1422
7136
6610
6683
4946
2071
2669
6438
6465
5537
3244
3751
3112
4025
5514
7050
3324
4317
6548
3263
4306
2923
6989
6351
1339
4830
3842
4357
2564
3829
2169
2906
5212
5994
2256
4580
7171
5469
2220
4756
7060
1641
1925
3317
7320
1113
5240
3073
6967
3158
6881
3828
1117
5304
3088
5378
7364
5020
6717
5558
6042
4425
3692
3326
6863
2039
6337
6672
3977
4906
2038
2352
4819
6888
7067
7244
1795
1600
3719
2497
3898
6992
1463
2970
1889
3940
5146
2148
3979
2699
7474
6438
6844
7429
7343
6220
6884
6017
5230
5370
3831
4892
3762
5449
3938
2463
6640
1244
7255
6921
3172
4762
6476
6504
2619
5483
4434
2352
1647
3265
2548
2934
2808
1069
3255
5247
2198
1888
3973
2803
5429
6041
3344
5269
1771
4998
4453
2965
2685
1121
2860
3556
5654
4360
4487
3108
2058
6787
2851
5103
5319
4324
3388
5847
2800
1756
2705
3481
4261
7239
1314
5350
2168
4867
3434
1515
6186
3980
7162
2354
1150
2504
4989
1700
4154
2709
6767
5341
2811
5342
2258
5642
1457
6628
6521
3337
3459
4683
1256
1764
5054
1822
4624
6189
3000
1733
2249
7257
2808
5156
2636
7284
5778
3586
3873
5092
2301
6707
3765
5114
2968
2636
1956
6641
3295
2978
5391
3283
3328
3723
4724
2194
3972
4456
6923
3991
4535
5823
7170
7297
2549
1679
3587
5561
6535
4665
3777
6505
2028
3273
5987
5940
3278
7362
5552
7405
4258
6277
6415
1870
6844
3752
1817
5269
3523
2413
7489
4683
6670
7279
3975
5780
4209
6381
6825
1569
1324
4066
5589
6428
3678
1651
4062
1829
6224
4067
5056
4721
1287
2371
2236
6585
5019
5053
3711
2608
6133
1363
2677
7046
6961
3462
7108
5228
4626
7060
1575
4611
4826
2557
2360
3718
1381
3867
4198
3021
7098
5996
6026
6364
1499
1582
7456
4221
4696
5905
4663
7401
3198
1837
3770
2275
1176
4257
4432
5566
4838
5398
1524
6268
2180
2059
1540
5138
4576
3784
1224
6953
1757
3754
4168
2925
1496
2701
3598
4122
6818
3070
7030
5024
7247
2611
1369
1803
7052
3167
7481
2204
2059
5490
5319
1082
4544
7267
4040
2176
6388
5279
1405
5440
4732
5052
6621
6558
5833
4221
1155
2459
2305
1058
7326
7028
5807
2410
2166
2438
3985
3906
1223
5275
2814
1953
3189
3185
3302
1355
4124
6739
5218
3347
2634
2390
1038
4614
5189
5823
5175
2630
4379
1639
1194
3021
4224
6975
4148
5219
6359
2857
6932
6174
2910
6170
5534
4145
2666
3580
6300
5686
5791
2227
4263
1297
1107
4957
2478
2037
7226
4140
4039
6949
4983
4299
2958
5205
2953
5046
1786
3761
3446
5605
1988
1768
5741
3765
6757
6499
5421
4326
1469
2398
2162
1171
7285
3898
2051
4334
4633
6307
6460
7332
2733
6930
6008
5904
1032
2380
3655
3734
4179
5114
4119
5651
2700
5769
1292
6914
2560
6530
2163
1809
1038
1766
2396
4324
2723
4495
6968
4960
5850
5639
3959
6559
6514
1706
2926
2268
2160
7045
3373
3824
1019
7109
5658
7380
1418
1695
7119
2933
2787
7376
5610
4341
4928
6320
3144
7286
6378
3567
2521
2429
5732
1496
6102
2568
1008
6989
2942
2789
5505
1205
3500
3542
5028
1436
3162
7088
4895
5396
7175
3776
3392
5277
5794
6939
5142
3098
5551
1157
5757
1437
4857
4872
3515
3391
2689
2054
1707
5190
5461
5937
6085
7233
1464
4638
6620
2580
2352
4130
4935
2268
4306
5184
1994
1505
3515
3196
2592
2525
3742
3439
3784
4404
2290
6721
5289
2281
5362
7108
7066
4361
5895
3273
5717
1970
3115
4656
6483
7054
6487
5406
5318
5299
4515
4482
7155
2609
2818
7170
4141
7292
4379
2160
7442
5168
1340
2288
1300
1341
4076
3681
6368
7023
4706
6012
5912
6048
5636
3619
6927
7270
1391
4116
5861
6808
5579
1747
2268
5976
6885
6691
2985
2537
4016
1680
1355
3560
5933
2239
7489
1677
4266
7487
5490
4356
4333
7466
7124
1322
1349
2609
1877
2847
6737
3756
3551
1869
5908
6061
3135
2120
4465
6711
6288
1018
1772
4984
4444
1263
6766
1509
3568
1829
6880
4899
3395
5356
3831
1950
1344
1203
3483
1437
4917
5915
2313
6829
5354
3841
1991
4307
2936
2133
2790
4960
3418
2017
3183
3663
1745
6427
1314
1617
6152
4576
4334
5279
3324
3911
1300
7008
2313
6981
2801
3409
3831
1677
3673
3936
4424
5581
2820
4646
2146
7403
4094
6512
6454
5757
5965
1509
5303
2919
1413
1893
3153
5882
1231
3885
3370
2771
1050
3404
4723
3786
7088
2039
4741
2934
6667
5942
3134
4821
3455
1552
5608
6630
2851
5627
1094
6312
3844
6194
7430
2080
5528
4965
6314
5630
4232
6489
2365
1689
5914
6098
4704
1452
2698
1879
5619
5524
1889
1923
5047
1223
6333
1359
5888
1816
6149
1629
5504
6015
1135
1733
3812
7247
7182
7459
5602
3095
7310
1556
5314
6959
4484
1957
5757
1049
3298
2473
7414
3301
5518
3368
4715
2306
6061
2356
6278
1679
5432
6553
1127
4959
2011
6054
6388
3961
1011
1440
4038
5394
5186
4418
2889
2231
3971
1829
4725
6104
2386
6385
5712
1586
1359
2131
6748
2905
6726
4615
7299
5414
6644
2726
2703
7430
4991
6261
2760
3746
1976
5498
1998
1364
1113
5239
6813
4087
5533
4747
6957
4031
7305
1077
2088
6769
4838
6230
2290
5115
3492
2220
6708
4935
6999
5569
6252
3924
2084
3599
5803
4030
2951
4088
4717
2469
2621
1541
4178
5440
2200
7109
6798
6416
1444
4947
4828
2555
1564
7449
2775
4660
5501
5053
7381
1897
7305
3677
3021
4037
7277
4374
5924
2602
5668
7003
2935
7450
2252
2725
6336
6199
3781
3472
7321
3076
4467
5335
5327
2598
4713
1921
3752
3327
4445
5293
3337
4998
1577
2059
5355
2201
7222
3967
6405
5055
6085
1816
6930
6977
1858
7488
3702
5898
3113
2751
2179
5352
6999
5392
2030
2392
1532
5402
5768
2048
6248
5080
3498
6933
6099
1929
1129
2171
6949
7274
3267
2097
2536
2743
6109
7455
3856
3543
4885
1084
6741
1758
4356
5753
5895
6071
1155
4360
5206
3339
4683
5877
2283
5694
4464
1585
2313
5638
3623
1063
3061
6889
5891
4769
1018
3939
3491
4278
6302
5951
4565
7483
4627
6566
7042
1274
1680
1366
3528
5360
2148
7157
1950
4294
5902
2987
6540
3410
3345
5013
2580
2727
6859
1329
7176
3691
4128
6857
4932
6625
6465
3479
3753
7291
3304
2618
4345
1248
4044
2692
6992
7120
2306
2967
1347
1248
4739
1157
2174
3342
3865
4469
3075
3309
1106
2350
5737
6971
4543
5094
2276
7228
6151
2119
6795
6115
3277
1892
6602
4189
3250
2402
3496
6343
6558
4312
2235
6778
1755
5787
3736
2693
5236
7422
3084
3457
4724
3745
1790
3248
2530
7013
2262
2323
5551
2218
4419
2088
1071
7065
7250
5841
7296
7324
6852
5917
5381
6694
3382
4461
4084
6297
6355
5739
3093
3257
5619
1413
6916
3401
5536
2044
2131
2705
6438
1257
2326
6084
7051
4768
4553
3716
5906
5748
2593
6671
1778
3205
5259
4616
3557
5997
2667
2143
4977
6743
1685
1155
5193
7490
1413
1141
6831
1718
7161
5105
5167
3038
5283
1391
5034
4869
3432
4504
5609
1576
5784
3329
2160
4109
1326
3209
2277
7045
6870
2833
2200
2991
2345
1334
3968
6686
7196
5704
3487
7407
7166
5507
1309
5358
1156
3891
4510
5385
2250
5513
2004
6183
6075
3719
7343
3119
5591
2128
7320
3158
2829
6105
7261
5854
2007
3306
6057
3030
3120
6676
2446
3890
3759
4282
6596
3397
6006
6972
1752
6119
3916
5213
4018
3004
4062
4850
2097
5306
3277
7065
4862
6751
7320
3612
4205
2949
1777
6755
3087
2730
5740
5596
4221
6467
1649
6834
6426
4071
5349
5595
6558
2266
6903
4795
7319
1070
5959
5985
6622
4303
1603
5408
3974
1937
7320
3661
1628
6406
5441
6273
4209
3496
1252
5050
4810
4812
2838
2498
1981
1452
1667
3151
3305
4291
7186
4896
5704
6776
1587
6154
7262
5383
2735
3278
2289
6152
4512
4145
4138
4893
6782
2828
5028
2657
5449
5735
2508
6515
5406
3340
2944
2542
2082
4253
3437
2645
1551
3544
4435
6824
1556
1794
6349
6014
3453
6708
1262
4705
7373
4487
4560
7353
5971
6952
5202
1920
4272
4891
3119
5201
4099
3419
2638
1603
4021
4889
5725
1212
4837
4940
5272
3584
6877
1572
6708
2507
5208
5531
4976
3185
7370
4115
1884
6333
6705
2042
4095
1447
3648
7191
5379
2736
2436
2789
3651
1739
2824
5348
3958
2679
1832
1768
4335
4604
6015
3875
2016
5410
6274
5237
6906
3740
2194
7072
1338
2710
5705
4422
5823
3277
5179
5208
4958
2515
3932
3649
5730
2319
6704
2230
5874
5201
5397
2672
4295
4755
7175
1549
1199
1133
1639
5233
4700
3187
1316
4778
3955
2004
2143
3689
2504
4326
3258
6845
2142
4097
5260
1685
2106
6078
4622
2789
4198
4703
3028
5503
2546
1083
3375
6804
6638
5262
4041
6309
1068
6313
1602
1723
4071
1839
4913
1143
1267
4276
3475
2115
2175
6475
1693
6867
1330
5200
3109
4121
7052
2850
5839
3164
2504
7282
2009
4219
5114
6107
4894
1231
1682
6328
2680
1768
5721
3002
6613
6047
6539
4184
4524
6378
6602
4453
5869
6236
5767
5175
1243
2525
3497
3744
4436
6084
2167
3486
1603
1592
2057
3704
1747
5408
5881
2309
5586
6610
5964
3489
4833
2036
7016
5811
3877
3797
6468
4468
4507
5363
4857
6666
4345
3970
1340
3785
4095
2653
1461
6476
4319
7036
2484
1114
2731
5100
1055
3564
2055
4026
6143
3092
7465
3364
2692
1935
6998
2593
4148
3552
4407
4545
1316
5584
5742
4906
1381
1862
1397
3253
4645
3443
4453
7313
2779
2524
4007
3656
4915
6096
3991
2802
6913
5597
2342
4524
1289
2785
2840
1434
4357
7064
1742
4640
5245
1665
5254
1647
5559
4930
5957
3775
6768
5035
2782
6877
7372
6055
5969
3210
6688
1640
1235
5508
1544
4279
7231
2192
2535
5410
1333
7287
7196
5399
2982
3934
3284
5904
3471
6248
3617
7058
1490
4527
2629
3673
7229
3796
5814
2301
7068
1571
4748
5522
3313
1485
7418
6700
6259
4439
6756
6319
5060
6558
5299
4703
3251
6297
4606
1360
7342
4396
4489
5304
6777
3033
4486
3094
7450
3295
2908
1289
5034
4964
2734
2495
1176
3372
3969
5241
5417
4012
2219
2554
6864
6314
6829
7437
4431
4676
6943
3016
2615
5583
1865
2321
6404
7002
1977
1320
6118
3901
4051
2949
3591
2235
4634
4570
1341
4245
6696
6566
7468
4089
7283
2193
5318
3156
1219
4392
7080
1576
4292
2837
5840
1740
2128
3851
1045
7441
1708
6363
4402
2074
1778
5463
4561
6092
3214
6940
4507
1636
3770
2608
2427
5985
5894
7480
6941
2419
3249
4325
2613
6511
6203
5599
4623
2076
1490
1467
6699
5082
6619
2102
5779
6154
4152
2147
1395
5163
3761
1301
5374
1873
4750
5746
5389
5963
5331
4466
2005
2047
4463
1092
3303
4400
3007
3486
6345
4690
7127
7389
2207
2889
6564
3758
2778
3577
3707
1751
4251
1668
3454
3110
5433
5830
3519
1768
5156
7154
1954
1870
1748
4551
1205
3148
3865
6071
3553
4263
3484
7192
1655
3712
2607
1883
2201
3669
3867
6672
4151
2397
1591
4455
3327
4499
4139
3222
5837
1173
1288
2231
5322
2932
3870
2414
4863
1781
4266
3723
2096
1294
5634
4596
1733
2339
6425
6951
3037
1005
4423
1978
7369
1521
4591
5505
6572
6296
5667
2722
1117
5254
4101
3105
2768
3940
1773
5197
6344
3353
3128
3310
3548
3877
2308
6968
3588
3258
2170
2968
3662
1381
2388
6932
1003
4155
1759
4742
5482
5575
3948
3990
7066
6349
4838
6518
5173
5176
2635
7113
2663
1163
1801
1434
2377
2054
1115
6145
4230
1580
4816
1666
4468
7038
7143
1446
3594
6196
3509
3863
2391
2831
3932
4489
5368
3320
2693
1296
6880
1740
5540
6572
6106
4013
2200
5006
2014
3188
4950
5265
4433
6132
6885
3013
1884
5188
4912
6559
4502
3928
4512
6682
7204
2398
3738
6450
2824
5574
4421
1550
7395
1220
6892
7013
6200
2120
1447
1888
2894
6004
4672
6820
4124
5736
3773
5538
3653
3991
6939
4816
5348
5069
2727
3162
3091
3660
6773
7166
1337
2027
3561
2749
5354
6004
1810
1470
3332
2333
6200
5889
6914
6338
4542
4554
3093
3752
2195
2970
7341
6858
4492
5070
3517
2779
6760
4474
2394
4648
5792
1505
6365
1752
3750
1241
4475
4505
2024
3754
7441
1285
6442
4393
7029
5995
7241
1062
2093
6345
1472
5518
3410
3349
5203
1543
1186
1815
2994
3832
4433
6888
6500
5162
7310
5213
1443
2040
3535
1310
4677
3154
5295
5159
4507
7276
4408
4549
1765
6425
6011
4601
6131
6083
5281
4774
5472
2510
4049
6651
3839
2747
2593
1450
1495
4669
5266
3344
5138
5062
3047
6826
2546
2884
3215
6319
4713
3467
3948
3497
3231
6796
1940
5319
6174
6644
3061
6539
2996
4038
6777
3115
5050
5760
3940
3372
6396
7306
6439
2050
4945
5632
5293
6011
4853
4154
4050
1983
3604
2547
4983
3492
6189
5354
2179
4392
3534
4469
2870
5027
3310
2690
4228
3759
3836
4686
6357
6760
3942
2107
3289
3041
4962
1495
7360
5302
2586
3128
5402
3838
5383
5063
2809
7444
4367
3842
2713
4131
2096
2419
4545
4227
2595
5256
4234
5533
4990
4338
4825
7364
7219
5293
1788
2801
1636
6935
3850
2256
6760
2392
7435
2181
1481
3010
4436
3686
2668
3697
7135
6694
7354
4177
6299
1843
5217
1376
4192
7393
2301
1921
2062
4957
1189
5186
5709
6656
2378
3191
3127
4323
3113
5051
3115
5052
6682
3073
5157
3739
3438
2493
5911
5928
5442
2997
5334
4458
6439
4591
4888
3712
1984
3143
6604
3489
6039
7149
4564
2122
6510
3062
3857
4294
4503
3094
2309
6030
6216
5211
2308
6151
4124
2198
7056
2093
1718
1720
2266
2142
2317
6191
3692
7019
5554
5186
1920
6426
5840
2632
2406
4446
4419
4687
1258
6444
5818
1409
1035
1213
6430
5987
2170
7073
5947
4298
1949
3025
3814
2504
6271
4616
6930
4343
3881
1100
5601
1337
5961
3167
3557
7444
4274
1993
3678
1171
1160
4006
5517
1479
6721
7249
4123
4734
4031
4806
5965
5737
5890
7489
3587
3429
3155
5776
3683
5171
1043
5753
4582
4509
7241
4593
4287
2748
3542
4817
7105
4728
3090
4857
4622
1616
2900
1380
2561
5622
5790
4594
2926
4673
6611
2314
2659
6345
4365
3693
1458
2594
3247
6485
2325
1084
7415
6696
1128
2698
7159
1431
3558
3501
4807
7432
6719
1827
2009
1233
1901
3744
6005
5198
5411
3986
4706
6692
3910
2998
2498
3169
7349
2272
3471
4701
5147
6199
1294
2600
6080
2966
6867
7423
2556
4543
4256
3198
2466
4404
3330
2813
6038
6399
4711
7483
3219
3501
4897
2727
2178
1058
3179
1617
5833
1397
3566
5249
5905
1816
6222
2545
3279
7434
1090
3013
7265
1191
1805
1170
7106
6291
5140
6924
6190
6667
2938
3933
3592
6944
2430
3841
2191
6927
6638
2628
5989
6223
5795
4790
1205
4258
1152
6773
1041
3513
6697
7182
6461
7385
5603
3079
3458
7064
5923
5579
1155
2209
1840
1770
3182
3202
6629
3124
2063
4030
6494
3619
7145
7211
4735
4631
4820
3213
6904
5865
1238
5354
2061
3995
4235
2525
2699
2146
2887
5171
4257
2933
7349
1223
1860
6836
2837
4154
5141
4424
5359
3188
6888
5515
1632
6704
6812
3915
6626
7310
4109
1010
5310
5768
7464
3741
2372
5054
3762
2081
2484
2487
3127
2770
5550
6072
1176
1507
5288
3776
4515
5753
1951
5663
4461
6886
5550
4820
3362
4059
6522
4843
4632
4364
3153
5911
5433
1432
5234
3652
2968
6423
5756
6444
2022
3742
7208
2037
5108
2880
6594
3539
3496
2609
4508
3656
3424
1090
7486
4741
2122
5137
3801
5313
1833
2208
4670
2767
3173
3838
1993
5224
4277
7348
7337
5911
4441
6016
4237
6237
6239
4812
1816
7256
2251
2762
1791
4660
5397
3058
2718
4677
4999
6135
3620
1392
3450
6691
3371
6595
2581
1913
5454
7199
1175
2499
6056
4545
1863
4103
3170
2705
1858
5947
4257
6607
2957
5354
7479
2268
7419
5406
6314
2284
1092
6475
3200
5913
2877
4226
1304
4121
3466
5383
2016
6246
3149
2366
2077
3253
6295
6370
7326
1820
5825
2246
1276
2687
7272
7067
2773
3303
4177
5012
3074
5229
2986
1292
4946
7325
3375
7245
5143
5287
2875
6372
1510
6394
3984
5683
3758
3569
2019
3973
2656
1078
5506
2360
3001
5756
1336
5873
1460
6071
6664
4201
2957
5329
5985
4065
2147
6113
4058
2295
1033
5054
4082
6736
6614
5400
5238
4476
2590
3217
4654
4806
6279
5706
2981
4020
6754
6455
5978
6628
2506
3626
7284
6819
1970
1670
6463
7287
3572
2376
1009
3537
2924
4657
2524
6213
4276
3378
3748
5158
4817
4111
2716
5500
6852
6140
3864
2407
7454
7397
4761
5548
3610
7312
5278
2962
3077
6823
6979
3390
5334
1988
7448
4650
1731
7020
2835
5756
6369
3217
4064
3816
4427
3603
3669
4055
6290
1086
4505
3660
3772
3378
1665
2475
6650
5063
2877
5249
5541
5621
1994
1363
5063
3514
5191
2762
5582
4507
6894
2637
4469
1398
4235
4535
1417
7251
6608
7299
1902
5676
1207
3439
5182
6484
4229
1157
6197
5756
1422
5286
4702
1911
1019
6163
2351
1679
6671
7147
5958
2404
2178
4224
4899
4679
4343
3967
7363
1689
2033
4040
1496
3717
2938
5364
6453
3605
3007
3743
6366
2974
6133
3479
7217
4673
5534
1901
3310
6287
1223
1147
5225
2629
5102
7311
4362
7104
5632
6573
6985
3700
6003
1804
6169
4738
6513
3763
6844
2349
3713
3728
5665
1556
6548
2521
4934
1131
4729
5235
5470
6342
3795
1046
6471
1973
5354
2239
4166
4502
4429
4131
2047
3407
6293
5117
1464
2725
6218
7378
5334
6827
4586
2296
4158
1765
5019
4029
5217
1659
4786
4866
4600
3740
5014
1875
3054
3185
7486
2439
7172
4936
6064
3789
3157
3958
5597
5624
6950
2726
3608
3784
3518
5406
2074
3602
6681
7418
4028
3281
1015
1634
1387
6323
6587
5124
6811
7144
2866
6554
4666
3245
2689
4791
4710
6347
2925
6722
5751
1544
2258
1442
6098
3407
1675
6763
3970
2118
6787
2319
6058
1838
6436
2023
4392
6454
1740
5506
5248
6855
2149
4691
3254
1964
2826
7369
5980
4155
5526
4203
2795
1447
6714
3323
6021
2801
7159
3929
6889
6829
2467
4544
2032
5053
1710
3890
7227
5761
2306
2550
6166
5104
1306
7094
4868
7496
3990
6537
3602
3451
3749
3070
4061
4401
3755
3554
3758
3556
3369
6557
6238
5969
5071
5322
1105
5598
1963
2782
4988
4955
5452
1695
5391
4836
6756
6314
3656
1570
6799
6676
5433
6916
1649
5125
5962
5879
3695
5547
1966
5073
1513
1113
2065
2366
6024
4436
3159
3313
4280
3594
2095
1225
6942
4885
6438
3661
4429
1226
3442
2244
1604
4742
1518
5067
1209
2191
7040
6292
5780
5129
7276
6669
2577
1169
5696
6903
2196
6931
4224
1200
7429
1948
2138
3502
6593
6160
1236
6146
1845
1794
1143
6748
5593
5569
5235
4204
5746
4571
7006
4055
2898
2758
6703
3606
3416
1321
2363
5557
7497
2785
7241
1203
2425
1125
3714
3480
3188
7455
5673
1601
1937
5710
5507
4578
3436
6776
4573
5129
2032
1886
2487
1027
3318
3056
7062
6345
2062
3534
5494
4945
5576
4010
7104
2220
1023
6157
5037
7158
4596
1231
6700
5595
3298
3287
1735
6322
6065
3507
6301
1158
3017
2210
5916
2900
6123
4610
4360
6552
3009
1169
7451
7450
4705
6484
6310
2935
3465
5091
1891
2477
1302
1702
6488
6190
6932
2890
6637
4656
2799
2899
5370
5721
2903
4369
2524
4846
1204
6991
5356
4600
1731
1762
5747
2715
2075
5862
5343
2883
4733
3502
4477
5972
2167
3238
3444
3754
6954
2559
7015
6151
3977
2592
1874
3313
5251
1377
4555
5102
2775
3834
5328
3005
1651
5591
6721
7067
6127
1932
2655
5250
4924
6694
6790
7070
3751
3122
5853
5806
5074
2818
3081
5272
1875
6574
4845
5650
2137
2791
2869
2688
2158
4016
2188
4149
4327
4695
6081
6515
3218
1460
7196
3842
6291
2543
6713
2302
1110
4514
6592
2439
4451
3694
4569
4604
6369
2219
4690
7414
3344
5742
1672
1820
4235
2946
1897
6414
4278
2758
3324
5834
4375
6054
7264
1643
3097
2211
1788
4600
1308
2276
1928
6774
1736
5967
2193
4560
2681
1097
4192
1256
7013
3845
4308
3833
5321
1732
2548
2944
7349
5321
3018
4584
2465
6106
2929
6104
6629
5112
5216
3864
4275
4453
5337
5471
4080
7360
4451
5039
5968
2940
5281
4475
4572
4256
4444
3857
5550
3176
6983
1620
6186
4221
5180
2067
6407
7492
2537
1504
4815
4963
2867
5179
2953
4927
6811
4173
2510
1258
5779
7416
5974
6176
1940
4037
3405
5090
4327
2567
5417
5891
2149
4615
7160
2468
2819
4492
2767
4166
5762
4292
1574
5519
6373
3927
5805
4312
2340
2226
5314
2944
6207
5867
5171
1983
5619
2124
7374
4213
5716
1855
1145
4443
4164
5608
5426
7221
6514
7316
4295
1660
2908
7478
6034
6733
5055
5308
5202
5544
6631
1436
6029
5546
3945
1617
6738
5974
7351
2779
2922
5216
2067
5980
2138
5131
7437
3058
5744
4005
2247
4908
5301
3168
3361
6443
5870
6797
6053
2022
3355
2601
4334
6955
7106
4845
4527
6477
4707
3903
1769
6382
2698
3529
1544
1694
1198
6372
5634
2832
4478
7263
5352
7192
1822
7370
4206
5593
1546
2422
5631
1425
7204
5415
2159
4665
4751
5141
2758
1995
1559
1247
2125
3079
3295
2511
2403
7264
1380
1163
6495
4468
3050
5716
4417
4433
3202
5560
5715
2144
7074
6937
4475
6358
3971
6296
4605
1987
5022
5005
4845
1889
2670
6516
7224
1627
5885
2110
7133
2092
2402
7134
5706
5850
1505
2488
3183
2659
2965
4264
6892
6765
1552
1141
3901
3819
1958
2003
7060
1215
4316
4332
3759
3901
7064
2977
1216
1977
2732
2550
5714
5378
3144
3606
1098
3933
2227
6424
3009
7469
4025
4240
2313
3385
2878
2622
4446
4945
3305
2914
5534
4861
4486
1777
3071
2161
5170
3932
5275
6821
5008
6428
2195
5569
7294
5869
1569
1491
5673
7294
1748
4532
4488
2084
1720
3676
5379
2380
7062
5784
7468
3442
1333
1862
2754
6595
3795
4135
5265
7380
5187
6271
1925
2191
5205
7481
7139
3601
5375
3583
2198
1063
3168
2613
1549
7279
2463
1809
3310
1241
7453
4232
1191
7018
5271
2578
6939
6732
5517
1788
5308
1769
7064
3107
4512
1947
1620
6549
3175
3099
6080
4763
3547
5491
2144
5665
3374
5348
6707
2516
4504
4502
3631
3431
5641
5459
6815
5859
5349
6133
5966
6012
6605
2916
1237
2314
1332
3261
4553
2579
7329
1360
2790
5733
4870
5725
4888
5938
5048
4152
3941
3307
2207
5757
4668
6156
7210
2322
4354
1092
1547
3571
7066
5365
5764
5376
5818
5508
5258
3287
7072
7144
2900
1988
6278
1189
1743
1551
2111
4073
5139
2640
4880
4104
3602
3657
4466
5972
2818
6844
6529
4831
3116
7400
4021
5766
1555
6679
1641
1325
2463
4553
5419
1043
1543
4839
5819
3247
1399
4639
2251
5284
4289
6898
7254
1877
5778
5231
4434
4368
5254
5966
6557
1200
4413
3093
1248
6245
3237
5000
3192
2862
2102
3744
7063
2781
7340
5041
5812
5855
1532
2945
1334
2289
3830
2661
6655
6093
4970
6995
6372
4510
5036
4670
3056
6825
6062
1114
2635
5629
2651
3268
4576
5554
6804
1909
4346
3034
5221
3546
4687
5952
5293
6801
4182
2285
2942
5595
2547
4093
3166
1346
1845
2073
6724
1486
4541
5381
5174
6907
7316
6653
4840
3730
7430
5103
6770
4433
4437
6022
4885
1391
5062
3092
6929
3856
3272
1619
5533
4600
1809
3388
6539
3345
5259
5063
4516
2286
2732
4662
1663
5767
2244
7043
1528
1481
2296
6256
5134
3688
5776
2064
3769
2477
3678
1135
2334
5516
4025
2226
7364
1795
4735
6469
2336
2398
2622
2969
1107
6622
1713
7229
1835
2719
5262
5193
1512
4906
2392
5463
3985
3899
1022
4183
4974
1394
3275
4185
3928
5154
5924
3670
2991
3016
5936
4152
2008
4820
4425
4129
4847
3417
6286
3081
2545
3348
3017
4489
3822
6899
3548
1952
3549
3207
4683
6843
5369
2279
6447
5110
2316
4687
7038
5625
5027
4841
1669
2775
5991
4609
5220
4793
2845
6195
5695
6026
5552
1569
5618
6535
4681
4140
7272
1413
2394
5881
1759
3851
2525
4542
4169
7328
3754
7141
2776
4946
5461
3797
5270
6123
3426
2077
2998
3400
3774
2196
4533
4423
7377
3562
5244
5048
2498
5830
3711
2780
4446
3342
3259
1569
3782
5018
1756
3467
4089
5679
2303
1375
2614
3703
4951
7299
2160
6132
1065
5753
4539
6711
3962
5012
5265
7263
4702
3995
5428
5675
4385
4971
6833
1073
6182
3063
6382
5826
1013
7403
3383
7463
3136
4377
7081
7359
1946
3418
6398
2987
2489
2806
5881
4831
3847
3517
3224
6500
3587
1403
1264
4470
5325
7106
6007
5947
4675
3466
2111
2418
6072
6200
4417
3527
3072
2917
6432
3715
6428
4944
2324
3532
6998
5569
6222
2134
3819
2896
6714
2228
5050
5733
3777
5881
3230
1111
6677
3538
5716
2675
1879
2429
1333
6068
3727
4962
3331
3065
3793
3790
2850
2689
5507
1641
6948
6549
2827
7380
6786
2170
5506
2624
5438
7245
2269
4107
2323
3002
4917
6074
5340
3712
6027
7013
3150
6627
6162
3199
7143
5160
2859
5140
1999
7497
5976
6337
5666
1246
3991
4795
1218
5294
5609
7052
3438
4977
1964
4083
2866
7048
7024
1695
3761
1160
2367
5922
1360
1255
6072
7191
5299
6052
6015
5609
3907
2165
4382
1840
2351
2901
1196
3344
5012
2610
3538
7274
6993
7050
5444
2105
1948
6964
7061
6934
1355
7178
2460
3367
2914
4147
6406
3135
3122
2152
4829
1704
1059
4076
4004
3849
3740
6363
6626
7173
6343
1321
3324
4575
7494
6722
5766
7258
1674
4784
2693
3198
5558
6909
1481
5852
4720
1139
5500
1959
7477
4824
3753
4721
5078
3850
3523
2370
6799
6554
1014
2359
6536
7018
2736
3748
1894
6229
1824
2599
6335
1879
3395
1491
3058
4406
5907
6326
3851
6809
4527
4802
3335
5516
3211
4963
4244
3240
2349
1598
2150
6080
5326
4969
6091
3509
6620
6785
4951
5838
7226
1868
7114
3476
6708
1052
2596
2283
6075
3059
4392
6541
4808
6154
3559
6350
5427
6554
1464
5204
6673
2678
4594
6439
1630
6804
3499
6223
5219
4286
1965
3315
2238
3373
4205
2129
2201
6198
6893
4814
1357
1320
6474
3502
7439
5764
4619
4535
6257
5528
1076
6023
1556
5436
4234
5076
4477
4253
6493
2113
6843
5155
2547
2496
5068
2334
4447
5054
4564
1530
6643
5952
5638
5820
3542
5609
4491
3279
1575
3689
1790
1534
3416
1465
6816
6434
7482
6214
3285
1615
3442
2177
2959
5043
4432
6704
7081
3278
4435
5962
5047
5541
6106
6016
6964
6930
3028
1685
3238
5990
4360
3384
4778
2681
1429
1065
6306
5263
7076
3083
2773
2425
2392
3620
3344
1928
1862
2052
6083
6894
5901
4048
6230
5990
2345
2334
4611
1906
1495
4733
4296
5506
5257
4239
5289
6960
6437
3591
3761
7283
2876
1928
5623
1167
6140
6932
1972
5546
4991
6497
5341
2149
6443
6400
1782
4751
4248
5286
3440
4164
4954
4053
6704
2953
5013
4079
2075
2811
3202
5040
2335
1931
5797
3224
4525
1922
1683
2621
1235
4690
6324
7217
4331
1124
4704
2157
3321
1762
5647
4550
5003
3806
6336
5899
5657
1699
2493
4009
7338
5723
5410
3306
6658
6599
3957
3633
4389
5272
2043
1066
2789
6770
4949
2932
6752
4891
1407
3702
6769
1850
3478
7096
3117
6273
4959
4859
4176
6465
5121
3434
3787
4383
4651
2087
5352
4326
5010
2155
1932
6564
1611
6249
1845
4976
6753
6015
7365
3369
4783
5087
2748
6060
3688
2331
3702
5932
7293
5787
6747
4191
5208
5634
2005
1408
3628
2236
1398
6552
3697
7022
3125
7414
1945
6186
6782
6778
3147
6789
3285
4051
5066
1770
1107
5769
1606
4805
2424
6980
6500
3876
1320
1209
1661
1648
4976
6009
2842
2098
4282
3287
4759
6264
7489
2658
6988
4852
4216
2230
3529
7090
2308
1885
2075
2722
5908
5171
3983
3871
6608
1178
2750
6170
6662
5012
1307
5700
3930
7418
7360
6275
2775
1807
4690
3643
6526
2311
3724
2108
5259
1284
3037
6881
6406
1642
3377
1712
2844
3054
7277
6308
7332
1662
5088
4981
6758
6349
2539
6995
1894
7473
4778
1260
1184
4046
3130
5280
7315
5744
5162
6383
4485
4664
5447
3512
5176
7229
3807
2563
1908
1833
3554
5343
6534
5672
6432
7406
5477
2798
1316
6064
1734
7042
3221
6765
4257
1282
6340
6141
4116
4668
1958
3408
7185
2059
7479
3989
7433
1163
1731
1346
3007
2485
6674
5359
1309
3212
3249
1737
5254
5508
3828
2619
1796
6820
2076
2703
2678
2473
3733
4238
2204
7369
5068
3785
3840
5151
3346
3134
2545
6512
6608
